0 0 0
1 -0.0284776 0.195189
2 0.0566486 0.175811
3 0.275055 0.224361
4 0.641767 0.206
5 0.234456 0.192879
6 0.277541 0.191254
7 0.572153 0.208891
8 0.139669 0.233915
9 -0.0145056 0.17158
10 0.741427 0.155739
11 0.306912 0.164103
12 0.249493 0.165881
13 0.0177372 0.175587
14 0.305891 0.161124
15 0.236647 0.195533
16 0.213686 0.184991
17 0.386515 0.225177
18 0.394253 0.152042
19 0.468801 0.154784
20 0.35946 0.219281
21 0.569081 0.203927
22 0.288562 0.193272
23 0.586379 0.171339
24 0.250954 0.1412
25 0.362089 0.144465
26 0.28851 0.154463
27 0.464367 0.133635
28 0.340387 0.108195
29 0.504947 0.162046
30 0.262099 0.119364
31 0.408829 0.157623
32 0.612958 0.153007
33 0.197755 0.145223
34 0.202718 0.134009
35 0.350195 0.145181
36 0.253448 0.143831
37 0.0669521 0.167022
38 0.429549 0.13965
39 0.246955 0.141323
40 0.256318 0.150891
41 0.336207 0.111145
42 0.32373 0.186812
43 0.428588 0.150405
44 0.663004 0.161695
45 0.300871 0.110146
46 0.450999 0.120761
47 -0.0585736 0.133622
48 0.165321 0.108809
49 0.401719 0.122023
50 0.445214 0.120865
51 -0.0283416 0.160641
52 -0.0781963 0.102702
53 0.500438 0.164006
54 0.413245 0.143912
55 0.303365 0.145773
56 0.297793 0.128769
57 0.443182 0.118983
58 0.25797 0.144832
59 0.410863 0.124515
60 0.502592 0.130564
61 0.380962 0.123238
62 0.426533 0.138939
63 0.448448 0.109943
64 0.241771 0.146064
65 0.428694 0.10068
66 0.260069 0.139353
67 0.225247 0.104092
68 0.256286 0.145403
69 0.4296 0.0776574
70 0.238113 0.140785
71 0.365647 0.128162
72 0.336312 0.114309
73 0.256845 0.137194
74 0.166503 0.124615
75 0.236624 0.136945
76 0.496482 0.072342
77 0.144781 0.112788
78 0.376291 0.122918
79 0.251011 0.11811
80 0.303177 0.109351
81 0.39462 0.0961183
82 0.475487 0.0935329
83 -0.0215616 0.122608
84 0.337418 0.0819879
85 0.309537 0.100681
86 0.402667 0.154258
87 0.478635 0.0971085
88 0.374925 0.140138
89 0.316173 0.118792
90 0.364897 0.131733
91 0.226152 0.126632
92 0.341007 0.127411
93 0.33068 0.122293
94 0.425235 0.101765
95 0.214047 0.0819382
96 0.30553 0.0969752
97 0.320309 0.100408
98 0.516119 0.112909
99 0.100048 0.111776
100 0.501924 0.127881
101 0.458092 0.137784
102 0.121973 0.149409
103 0.504322 0.106128
104 0.317714 0.0918996
105 0.331116 0.133228
106 0.376914 0.109651
107 0.406546 0.0994997
108 0.318249 0.112968
109 0.400589 0.147597
110 0.188506 0.140357
111 0.193243 0.127953
112 0.204843 0.102177
113 0.449194 0.143461
114 0.431247 0.123251
115 0.316567 0.102074
116 0.420229 0.146001
117 0.421037 0.089231
118 0.212529 0.0876923
119 0.351784 0.154884
120 0.458663 0.108285
121 0.15593 0.116834
122 0.394025 0.0921387
123 0.230678 0.121514
124 0.333952 0.0917736
125 0.366652 0.099018
126 0.597502 0.104102
127 0.22459 0.0986467
128 0.423459 0.128146
129 0.455259 0.151406
130 0.325275 0.108273
131 0.265569 0.097429
132 0.511561 0.0712791
133 0.425065 0.129731
134 0.341789 0.124477
135 0.399437 0.116362
136 0.484254 0.142301
137 0.233909 0.102342
138 0.309327 0.104972
139 0.422942 0.092853
140 0.410669 0.122933
141 0.370326 0.123145
142 0.412753 0.111637
143 0.38553 0.120151
144 0.254391 0.095764
145 0.471589 0.0961905
146 0.178183 0.120705
147 0.318024 0.101286
148 0.254026 0.140857
149 0.364289 0.0825368
150 0.310642 0.0885767
151 0.196022 0.103525
152 0.415484 0.13123
153 0.413449 0.111373
154 0.278544 0.133542
155 0.257698 0.0997654
156 0.37832 0.107837
157 0.125583 0.0984352
158 0.339382 0.12993
159 0.286361 0.0785659
160 0.402109 0.113818
161 0.368184 0.100813
162 0.251086 0.139467
163 0.419457 0.0705357
164 0.224093 0.125226
165 0.317091 0.111055
166 0.32027 0.11813
167 0.040881 0.105029
168 0.374536 0.110553
169 0.245456 0.132394
170 0.378476 0.0752322
171 0.0561181 0.108392
172 0.625161 0.131598
173 0.348011 0.110049
174 0.251112 0.114118
175 0.308222 0.115349
176 0.305494 0.109927
177 0.24334 0.101036
178 0.313743 0.118955
179 0.436313 0.109698
180 0.491169 0.14097
181 0.461452 0.117892
182 0.302927 0.150303
183 0.426056 0.115966
184 0.321369 0.087288
185 0.578165 0.143622
186 0.329446 0.140934
187 0.170069 0.0936623
188 0.261129 0.112711
189 0.19966 0.119276
190 0.15841 0.111811
191 0.190869 0.114635
192 0.320515 0.118937
193 0.380541 0.106416
194 0.230948 0.137349
195 0.274253 0.0875475
196 0.339758 0.140693
197 0.385913 0.135455
198 0.335518 0.113192
199 0.382997 0.112892
200 0.318871 0.108917
201 0.261571 0.133198
202 0.12372 0.132451
203 0.512416 0.107144
204 0.29935 0.117256
205 0.385593 0.0927748
206 0.19167 0.108813
207 0.409282 0.0968559
208 0.257029 0.132778
209 0.476476 0.115879
210 0.148186 0.11557
211 0.462594 0.0954576
212 0.28565 0.116284
213 0.245999 0.145973
214 0.284089 0.139599
215 0.300635 0.0994105
216 0.497352 0.118512
217 0.560191 0.115246
218 0.403708 0.136519
219 0.0829487 0.146452
220 0.265069 0.126917
221 0.294672 0.14023
222 0.221056 0.11651
223 0.382464 0.130163
224 0.412907 0.0997045
225 0.210799 0.11657
226 0.236247 0.151944
227 0.474868 0.149401
228 0.333668 0.122021
229 0.239703 0.122785
230 0.421601 0.0922559
231 0.114078 0.129187
232 0.390667 0.136055
233 0.0777788 0.0995264
234 0.331568 0.114091
235 0.209079 0.121137
236 0.279308 0.114193
237 0.314006 0.14318
238 0.26378 0.145267
239 0.31744 0.156094
240 0.445048 0.148992
241 0.385529 0.120556
242 0.251425 0.130861
243 0.157171 0.140116
244 0.245374 0.12345
245 0.158656 0.0849505
246 0.477329 0.13405
247 0.379967 0.126244
248 0.524926 0.0899908
249 0.311105 0.12779
250 0.302622 0.140817
251 0.325374 0.0976488
252 0.302313 0.155032
253 0.648722 0.128071
254 0.293814 0.154395
255 0.141753 0.152155
256 0.35989 0.153426
257 0.317777 0.154493
258 0.474964 0.106665
259 0.370191 0.150898
260 0.311283 0.144302
261 0.439651 0.134708
262 0.340011 0.146715
263 0.189927 0.156467
264 0.602969 0.162582
265 0.205034 0.142824
266 0.403277 0.1295
267 0.317284 0.197296
268 0.340816 0.149496
269 0.262177 0.151052
270 0.546788 0.119889
271 0.199034 0.148799
272 0.397965 0.154823
273 0.329957 0.152697
274 0.376544 0.13756
275 0.278681 0.151521
276 0.627225 0.179184
277 0.420022 0.158835
278 0.187686 0.169479
279 0.393548 0.152503
280 0.361752 0.156394
281 0.561393 0.19109
282 0.457372 0.16125
283 0.062606 0.181613
284 0.399285 0.169637
285 0.420732 0.129023
286 0.651589 0.178728
287 0.504879 0.193113
288 0.575285 0.17386
289 0.336963 0.139161
290 0.304323 0.176272
291 0.200617 0.22071
292 0.415624 0.265216
293 0.39401 0.156382
294 -0.127461 0.158037
295 0.0627618 0.158205
296 0.303487 0.194883
297 -0.0694431 0.214907
298 0.157779 0.223178
299 0 0
