-0.473439   -0.367908   -0.0773875
-0.0273801   -0.454764   -0.255484
0.29002   -0.103532   -0.220316
0.235888   0.472767   0.256256
-0.204714   0.335064   0.44648
-0.183482   -0.156058   0.444952
-0.16088   0.276733   -0.486301
-0.236278   0.0737981   -0.247539
0.307399   0.412219   0.419402
0.196075   -0.300162   0.00519901
0.327532   0.242149   -0.266998
-0.353027   0.364324   -0.274238
0.418451   0.380283   0.362212
-0.408268   -0.115546   0.385441
-0.48357   0.0399235   -0.133064
-0.458116   -0.225488   -0.141027
0.0824668   -0.249073   -0.401697
-0.281506   -0.201051   -0.236923
0.0405396   0.411337   -0.477687
0.047728   -0.307098   -0.460942
-0.0206612   -0.256484   -0.128104
0.300202   -0.239376   -0.223434
0.298881   -0.283177   -0.295008
0.489413   0.368098   -0.104596
0.267311   0.0423382   -0.203215
-0.368779   0.333212   -0.362405
0.261722   -0.371369   0.390852
0.397281   -0.0473795   -0.426794
0.00746515   0.0527582   0.357648
-0.247818   0.458316   0.0985837
0.443508   0.417656   -0.191991
0.21124   -0.307042   -0.42137
0.0604403   -0.026701   0.326289
0.244334   0.23535   0.493286
0.0842825   0.106651   -0.330093
0.288865   0.0595967   -0.32476
0.480453   -0.133014   0.0536765
-0.287657   -0.351213   0.262402
0.449732   -0.411926   -0.259527
0.376034   -0.210068   -0.117715
-0.351737   -0.15153   0.297574
0.439168   -0.472229   -0.208649
-0.370857   -0.254941   -0.0077462
-0.31969   0.0931026   -0.442897
-0.108957   -0.343779   0.256798
0.426427   -0.118526   -0.251693
-0.454201   -0.475675   0.29891
0.00509235   0.061497   -0.279346
-0.444434   -0.31803   -0.264675
-0.221351   0.160045   0.0309094
0.262614   -0.135338   -0.0317147
0.485966   -0.279634   -0.130167
0.310145   -0.307716   -0.176544
0.464031   -0.0738938   -0.0129939
-0.204661   0.0339521   -0.0709359
-0.246948   0.14492   0.105736
-0.460549   -0.0922425   0.030953
0.429545   -0.0607445   0.107235
0.399274   0.294692   -0.0936991
-0.320428   -0.491524   -0.356831
0.349962   0.159204   -0.187802
-0.129512   -0.490909   -0.113931
0.195841   -0.190586   -0.11693
0.252539   0.220509   0.0991388
-0.348084   -0.170715   -0.30981
0.309237   0.393215   -0.2598
0.404283   -0.030874   -0.27932
0.0242003   0.144004   -0.418494
0.463232   0.240046   -0.10293
-0.246527   0.0395227   0.350212
0.284325   0.453383   -0.0892098
0.110801   0.202558   -0.290584
-0.486153   0.282951   0.0749887
0.0293559   -0.132653   0.00621254
0.370034   -0.202611   -0.237491
0.046019   0.364444   -0.104539
0.124133   0.410377   -0.0296262
0.174409   -0.470705   0.224379
-0.443442   -0.40662   0.361133
-0.165524   -0.366437   0.488481
0.0933092   0.0190815   -0.0321456
0.432491   0.315135   0.174212
0.426997   0.18087   -0.0121982
0.312424   -0.494038   0.29942
0.317657   -0.155069   -0.278792
0.0592241   0.0524598   -0.409602
-0.323842   0.122232   0.184027
0.44692   -0.239781   0.22813
-0.307818   -0.472265   0.114504
0.14561   0.0029206   -0.48814
-0.361985   0.239852   -0.448496
-0.337478   -0.179553   0.475534
0.112164   -0.425058   0.203232
-0.280727   0.0656221   0.471931
0.473132   0.38253   0.0169582
0.161444   -0.402849   -0.387391
0.203526   0.433619   -0.496596
-0.26694   0.130209   -0.0752609
-0.168693   0.111288   -0.350469
0.190084   -0.255306   -0.184199
-0.451637   -0.0483786   0.304468
0.114484   0.476883   0.434541
-0.171354   0.0454858   0.210087
0.0555564   0.0227998   0.230185
0.0426163   0.256013   -0.275248
0.2464   -0.0544549   -0.259205
0.36377   0.394056   -0.404014
0.239751   -0.222597   0.0512281
