           1    -7.54503    -7.54503           0
           2    -7.53674    -7.54089  0.00293148
           3    -7.56814    -7.54997  0.00767003
           4    -7.62926    -7.56979    0.018106
           5    -7.67572    -7.59098   0.0238506
           6    -7.57942    -7.58905   0.0199531
           7     -7.6082    -7.59179   0.0172891
           8    -7.53667     -7.5849   0.0164436
           9    -7.41048    -7.56552   0.0233984
          10    -7.51625    -7.56059   0.0215711
          11    -7.52803    -7.55763   0.0198122
          12    -7.60574    -7.56164   0.0185624
          13     -7.5702     -7.5623   0.0171462
          14    -7.47838     -7.5563   0.0169369
          15    -7.49747    -7.55238   0.0162556
          16    -7.51002    -7.54973   0.0154537
          17    -7.57924    -7.55147   0.0146418
          18    -7.56042    -7.55197   0.0138368
          19    -7.62513    -7.55582   0.0136339
          20     -7.5068    -7.55337   0.0131706
          21    -7.58575    -7.55491   0.0126334
          22    -7.74305    -7.56346   0.0146708
          23    -7.59695    -7.56492    0.014105
          24    -7.56096    -7.56475   0.0135183
          25     -7.5561    -7.56441    0.012982
          26    -7.53485    -7.56327   0.0125323
          27     -7.5381    -7.56234   0.0121028
          28    -7.57505    -7.56279   0.0116791
          29    -7.61381    -7.56455   0.0114081
          30    -7.59679    -7.56563   0.0110783
          31    -7.56029    -7.56545   0.0107223
          32    -7.62302    -7.56725    0.010537
          33     -7.5649    -7.56718    0.010218
          34    -7.66822    -7.57015   0.0103405
          35    -7.61571    -7.57145   0.0101267
          36    -7.63487    -7.57322   0.0099974
          37    -7.60054    -7.57395  0.00975443
          38    -7.52209    -7.57259  0.00959276
          39    -7.66415    -7.57494  0.00962978
          40    -7.63473    -7.57643  0.00950435
          41    -7.61843    -7.57746  0.00932758
          42    -7.71899    -7.58083  0.00969516
          43    -7.70025     -7.5836  0.00985947
          44    -7.61998    -7.58443     0.00967
          45    -7.69589    -7.58691  0.00976719
          46    -7.62968    -7.58784  0.00959902
          47    -7.56934    -7.58744  0.00940285
          48    -7.54653    -7.58659   0.0092455
          49    -7.47966    -7.58441  0.00931083
          50    -7.58608    -7.58444  0.00912467
          51    -7.62275    -7.58519  0.00897662
          52    -7.63478    -7.58615  0.00885449
          53    -7.58906     -7.5862   0.0086876
          54    -7.56705    -7.58585  0.00853395
          55    -7.59957     -7.5861  0.00838243
          56    -7.53476    -7.58518  0.00828273
          57    -7.59089    -7.58528  0.00813802
          58    -7.62181    -7.58591  0.00802205
          59    -7.53883    -7.58511  0.00792567
          60     -7.5042    -7.58376  0.00790747
          61    -7.57956    -7.58369  0.00777814
          62    -7.59159    -7.58382  0.00765372
          63    -7.55916    -7.58343  0.00754224
          64    -7.64486    -7.58439  0.00748522
          65    -7.66766    -7.58567  0.00747888
          66    -7.63499    -7.58642  0.00740281
          67    -7.57034    -7.58618  0.00729621
          68    -7.47591    -7.58456   0.0073669
          69    -7.56855    -7.58433  0.00726378
          70    -7.48388    -7.58289  0.00730037
          71    -7.53769    -7.58225  0.00722526
          72    -7.56448    -7.58201  0.00712913
          73    -7.69082     -7.5835   0.0071856
          74    -7.58166    -7.58347  0.00708854
          75    -7.60573    -7.58377  0.00700024
          76     -7.6579    -7.58474  0.00697575
          77    -7.53848    -7.58414  0.00691098
          78    -7.54436    -7.58363  0.00684118
          79    -7.48685    -7.58241   0.0068634
          80    -7.51211    -7.58153  0.00683362
          81    -7.48224     -7.5803  0.00685831
          82    -7.55873    -7.58004  0.00677972
          83    -7.52945    -7.57943  0.00672538
          84    -7.67674    -7.58059  0.00674434
          85    -7.63535    -7.58123  0.00669569
          86    -7.51618    -7.58048  0.00666043
          87    -7.48406    -7.57937  0.00667544
          88    -7.62006    -7.57983  0.00661558
          89    -7.60672    -7.58013  0.00654814
          90    -7.46004     -7.5788  0.00660994
          91    -7.41829    -7.57704  0.00676854
          92    -7.50733    -7.57628  0.00673724
          93    -7.53628    -7.57585  0.00667851
          94    -7.63415    -7.57647   0.0066362
          95    -7.62013    -7.57693  0.00658224
          96    -7.65417    -7.57773  0.00656267
          97     -7.5547     -7.5775  0.00649931
          98    -7.57781     -7.5775    0.006433
          99    -7.56009    -7.57732  0.00637042
         100    -7.60795    -7.57763  0.00631407
         101     -7.4874    -7.57674  0.00631444
         102    -7.59316     -7.5769  0.00625459
         103    -7.43575    -7.57553  0.00634221
         104    -7.42458    -7.57407  0.00644517
         105    -7.47847    -7.57316  0.00644778
         106    -7.41772     -7.5717  0.00655159
         107    -7.34518    -7.56958  0.00682382
         108    -7.39231    -7.56794  0.00695524
         109    -7.56439    -7.56791  0.00689151
         110    -7.54869    -7.56773  0.00683107
         111    -7.54282    -7.56751  0.00677322
         112    -7.60074     -7.5678  0.00671924
         113    -7.59006      -7.568  0.00666266
         114    -7.54755    -7.56782  0.00660663
         115    -7.47504    -7.56702  0.00659826
         116    -7.54037    -7.56679  0.00654538
         117    -7.51053     -7.5663  0.00650707
         118    -7.45008    -7.56532  0.00652604
         119    -7.55586    -7.56524  0.00647168
         120    -7.62622    -7.56575  0.00643767
         121    -7.58772    -7.56593  0.00638703
         122    -7.66032     -7.5667  0.00638136
         123     -7.5914     -7.5669  0.00633264
         124    -7.65707    -7.56763  0.00632318
         125    -7.57582     -7.5677  0.00627293
         126    -7.48158    -7.56701  0.00626027
         127    -7.52622    -7.56669  0.00621921
         128    -7.48646    -7.56607  0.00620213
         129    -7.38708    -7.56468  0.00630735
         130    -7.52176    -7.56435  0.00626747
         131    -7.48955    -7.56378  0.00624558
         132    -7.39489     -7.5625  0.00632796
         133    -7.40839    -7.56134  0.00638558
         134    -7.51422    -7.56099   0.0063476
         135    -7.54951     -7.5609  0.00630115
         136    -7.56536    -7.56093  0.00625491
         137    -7.58267    -7.56109  0.00621126
         138    -7.42653    -7.56012  0.00624232
         139    -7.51395    -7.55979  0.00620624
         140    -7.58157    -7.55994  0.00616386
         141    -7.58291     -7.5601   0.0061223
         142    -7.53333    -7.55992  0.00608209
         143    -7.56263    -7.55994  0.00603959
         144    -7.64723    -7.56054  0.00602799
         145    -7.61593    -7.56092  0.00599851
         146    -7.48483     -7.5604  0.00598002
         147    -7.55367    -7.56036  0.00593952
         148    -7.54029    -7.56022  0.00590093
         149    -7.52946    -7.56001  0.00586494
         150    -7.41394    -7.55904  0.00590614
         151    -7.42835    -7.55817   0.0059301
         152    -7.58962    -7.55838   0.0058947
         153    -7.50285    -7.55802  0.00586733
         154    -7.53838    -7.55789  0.00583062
         155    -7.57476      -7.558  0.00579402
         156     -7.5228    -7.55777  0.00576127
         157    -7.52974     -7.5576  0.00572734
         158     -7.5133    -7.55732  0.00569795
         159    -7.53684    -7.55719  0.00566357
         160    -7.61293    -7.55754  0.00563888
         161     -7.5179    -7.55729  0.00560922
         162    -7.57992    -7.55743  0.00557634
         163    -7.45427     -7.5568  0.00557793
         164    -7.64892    -7.55736  0.00557213
         165    -7.58658    -7.55753  0.00554118
         166    -7.56966    -7.55761  0.00550828
         167    -7.55795    -7.55761  0.00547529
         168    -7.50735    -7.55731  0.00545087
         169    -7.55134    -7.55728  0.00541873
         170    -7.51553    -7.55703  0.00539242
         171    -7.59178    -7.55723  0.00536471
         172    -7.56985    -7.55731  0.00533402
         173    -7.65712    -7.55788   0.0053343
         174    -7.64393    -7.55838  0.00532652
         175    -7.65554    -7.55893  0.00532494
         176    -7.49833    -7.55859   0.0053058
         177    -7.51654    -7.55835  0.00528114
         178    -7.52744    -7.55818  0.00525433
         179    -7.50493    -7.55788  0.00523339
         180    -7.54821    -7.55783  0.00520459
         181    -7.68833    -7.55855  0.00522554
         182    -7.58326    -7.55868  0.00519859
         183    -7.53725    -7.55857   0.0051715
         184    -7.60703    -7.55883   0.0051501
         185    -7.60503    -7.55908  0.00512831
         186    -7.63493    -7.55949  0.00511693
         187    -7.56288    -7.55951   0.0050896
         188    -7.58858    -7.55966  0.00506487
         189    -7.60314    -7.55989   0.0050433
         190    -7.41027     -7.5591  0.00507786
         191    -7.39254    -7.55823  0.00512561
         192    -7.47121    -7.55778  0.00511892
         193    -7.45874    -7.55726  0.00511805
         194    -7.50767    -7.55701  0.00509805
         195    -7.57809    -7.55712  0.00507305
         196    -7.50609    -7.55686  0.00505385
         197    -7.63058    -7.55723  0.00504203
         198    -7.47771    -7.55683  0.00503254
         199     -7.5277    -7.55668  0.00500937
         200    -7.53522    -7.55657  0.00498548
