           1   0.0510821   0.0510821           0
           2   0.0445516   0.0478169  0.00230888
           3   0.0453273    0.046987  0.00168179
           4   0.0567677   0.0494322  0.00246478
           5   0.0610583   0.0517574  0.00286591
           6   0.0586389   0.0529043  0.00260767
           7   0.0518326   0.0527512  0.00223963
           8   0.0468797   0.0520173  0.00207646
           9   0.0424204    0.050951  0.00210177
          10   0.0482305   0.0506789  0.00190912
          11   0.0475728   0.0503965  0.00175632
          12   0.0476941   0.0501713  0.00162434
          13    0.046836   0.0499148  0.00151951
          14   0.0523201   0.0500866  0.00142066
          15    0.053866   0.0503385  0.00134811
          16   0.0533579   0.0505273  0.00127699
          17   0.0569283   0.0509038  0.00125616
          18   0.0641292   0.0516385  0.00138468
          19   0.0641699   0.0522981  0.00146045
          20   0.0700648   0.0531864  0.00163544
          21   0.0555437   0.0532987  0.00156141
          22   0.0474821   0.0530343  0.00151265
          23   0.0479341   0.0528125  0.00146305
          24   0.0491707   0.0526608  0.00140993
          25   0.0578829   0.0528697  0.00136892
          26   0.0575943   0.0530514  0.00132828
          27   0.0538661   0.0530816  0.00127943
          28   0.0502214   0.0529794   0.0012378
          29   0.0483932   0.0528213  0.00120518
          30    0.054146   0.0528654  0.00116582
          31   0.0544327    0.052916   0.0011293
          32   0.0509511   0.0528546  0.00109568
          33    0.049742   0.0527603  0.00106653
          34   0.0549801   0.0528255  0.00103716
          35   0.0579061   0.0529707  0.00101763
          36   0.0588744   0.0531347  0.00100249
          37   0.0527282   0.0531237 0.000975458
          38   0.0575193   0.0532394 0.000956622
          39   0.0498334   0.0531521 0.000936071
          40   0.0534482   0.0531595 0.000912699
          41   0.0513719   0.0531159 0.000891479
          42   0.0489015   0.0530155 0.000875882
          43   0.0512087   0.0529735  0.00085652
          44   0.0529519    0.052973 0.000837054
          45   0.0585795   0.0530976 0.000827672
          46    0.053401   0.0531042 0.000809706
          47    0.049944    0.053037 0.000795265
          48    0.048638   0.0529453  0.00078396
          49    0.047395    0.052832 0.000776101
          50   0.0472683   0.0527208 0.000768514
          51   0.0491619    0.052651 0.000756607
          52   0.0528544   0.0526549 0.000742067
          53    0.043498   0.0524821 0.000747908
          54   0.0402953   0.0522564 0.000767353
          55   0.0404351   0.0520415 0.000782924
          56   0.0385112   0.0517999 0.000805362
          57   0.0393883   0.0515821 0.000820141
          58   0.0422224   0.0514208 0.000821724
          59   0.0433283   0.0512836 0.000819163
          60   0.0468354   0.0512095 0.000808858
          61   0.0539756   0.0512548 0.000796869
          62   0.0488412   0.0512159 0.000784966
          63   0.0478739   0.0511628 0.000774297
          64   0.0505567   0.0511534 0.000762256
          65   0.0543109   0.0512019 0.000752076
          66   0.0497151   0.0511794 0.000741018
          67   0.0526987   0.0512021 0.000730305
          68   0.0559344   0.0512717 0.000722873
          69   0.0461489   0.0511974 0.000716199
          70   0.0550301   0.0512522 0.000708058
          71   0.0455194   0.0511715 0.000702674
          72   0.0474995   0.0511205 0.000694763
          73   0.0448498   0.0510346 0.000690535
          74   0.0452721   0.0509567  0.00068558
          75   0.0518993   0.0509693 0.000676554
          76   0.0617806   0.0511115 0.000682444
          77   0.0594518   0.0512198 0.000682123
          78   0.0535643   0.0512499  0.00067404
          79    0.050467     0.05124  0.00066558
          80   0.0419781   0.0511242 0.000667253
          81   0.0430842   0.0510249 0.000666358
          82   0.0512366   0.0510275 0.000658236
          83   0.0515936   0.0510343 0.000650341
          84   0.0528461   0.0510559 0.000642957
          85   0.0458611   0.0509948  0.00063829
          86   0.0460165   0.0509369 0.000633488
          87   0.0488217   0.0509126 0.000626673
          88   0.0469706   0.0508678  0.00062115
          89   0.0431225   0.0507808 0.000620238
          90   0.0427692   0.0506918 0.000619701
          91   0.0430255   0.0506075 0.000618591
          92   0.0673627   0.0507896 0.000638114
          93   0.0516213   0.0507986 0.000631315
          94   0.0448069   0.0507348 0.000627809
          95     0.04758   0.0507016 0.000622078
          96   0.0392021   0.0505818 0.000627025
          97   0.0474076   0.0505491 0.000621414
          98   0.0429551   0.0504716 0.000619886
          99   0.0407556   0.0503735 0.000621345
         100   0.0393967   0.0502637 0.000624752
         101   0.0396953   0.0501591 0.000627268
         102   0.0441932   0.0501006 0.000623839
         103   0.0409953   0.0500122 0.000624014
         104   0.0425703   0.0499406 0.000622103
         105   0.0369668   0.0498171 0.000628329
         106   0.0426467   0.0497494 0.000626032
         107   0.0521121   0.0497715 0.000620571
         108    0.058816   0.0498552  0.00062045
         109   0.0686273   0.0500275 0.000638212
         110   0.0536132   0.0500601 0.000633242
         111   0.0528913   0.0500856 0.000628051
         112   0.0508101    0.050092 0.000622477
         113   0.0527777   0.0501158 0.000617421
         114   0.0547226   0.0501562 0.000613327
         115    0.048269   0.0501398 0.000608213
         116   0.0492825   0.0501324 0.000603014
         117   0.0449794   0.0500884 0.000599467
         118   0.0574395   0.0501507 0.000597615
         119   0.0511677   0.0501592 0.000592654
         120   0.0440367   0.0501082 0.000589907
         121   0.0371618   0.0500012 0.000594656
         122   0.0369471   0.0498942 0.000599331
         123   0.0423212   0.0498326 0.000597613
         124   0.0505539   0.0498385 0.000592822
         125   0.0631704   0.0499451 0.000597596
         126   0.0447493   0.0499039 0.000594274
         127   0.0516956    0.049918 0.000589763
         128   0.0580808   0.0499818 0.000588593
         129   0.0551067   0.0500215 0.000585369
         130   0.0481979   0.0500075 0.000581035
         131   0.0458157   0.0499755  0.00057748
         132   0.0422321   0.0499168 0.000576077
         133   0.0640842   0.0500233  0.00058151
         134   0.0408346   0.0499547   0.0005812
         135   0.0432797   0.0499053 0.000578994
         136   0.0358014   0.0498016  0.00058395
         137   0.0387636    0.049721 0.000585219
         138    0.041942   0.0496647 0.000583687
         139   0.0446687   0.0496287 0.000580594
         140   0.0387963   0.0495513 0.000581579
         141   0.0396294    0.049481 0.000581696
         142   0.0466712   0.0494612 0.000577936
         143    0.041355   0.0494045 0.000576668
         144   0.0358616   0.0493104 0.000580282
         145   0.0382275    0.049234 0.000581292
         146   0.0357267   0.0491415 0.000584626
         147   0.0336426   0.0490361  0.00059008
         148   0.0456788   0.0490134 0.000586529
         149   0.0406048   0.0489569 0.000585301
         150   0.0508918   0.0489698 0.000581541
         151   0.0564901   0.0490196 0.000579819
         152   0.0518359   0.0490382   0.0005763
         153   0.0572859   0.0490921 0.000575049
         154    0.062093   0.0491765 0.000577478
         155   0.0624065   0.0492619 0.000580026
         156     0.05168   0.0492774 0.000576515
         157   0.0485329   0.0492726 0.000572863
         158   0.0476943   0.0492626 0.000569324
         159   0.0508134   0.0492724 0.000565827
         160   0.0462012   0.0492532 0.000562616
         161   0.0385788   0.0491869 0.000563015
         162   0.0418706   0.0491417 0.000561348
         163   0.0511546   0.0491541  0.00055804
         164   0.0515787   0.0491689 0.000554833
         165    0.042816   0.0491304 0.000552804
         166   0.0437552    0.049098 0.000550422
         167   0.0524443    0.049118  0.00054749
         168   0.0619533   0.0491944 0.000549536
         169   0.0547531   0.0492273 0.000547268
         170   0.0554434   0.0492639 0.000545269
         171   0.0597535   0.0493252  0.00054552
         172   0.0583955   0.0493779 0.000544891
         173   0.0539494   0.0494044 0.000542382
         174   0.0543826    0.049433 0.000540019
         175   0.0397147   0.0493774 0.000539781
         176   0.0393331   0.0493204 0.000539723
         177   0.0393764   0.0492642 0.000539589
         178   0.0472224   0.0492527  0.00053668
         179    0.048099   0.0492463  0.00053372
         180   0.0448323   0.0492218 0.000531318
         181   0.0534403   0.0492451 0.000528894
         182   0.0552888   0.0492783 0.000527029
         183   0.0538406   0.0493032 0.000524739
         184   0.0487173      0.0493 0.000521896
         185   0.0496815   0.0493021 0.000519079
         186   0.0470757   0.0492901 0.000516427
         187   0.0465468   0.0492754 0.000513873
         188   0.0523977   0.0492921 0.000511408
         189   0.0540595   0.0493173 0.000509324
         190   0.0515813   0.0493292 0.000506783
         191   0.0547716   0.0493577  0.00050493
         192   0.0543979   0.0493839 0.000502982
         193   0.0552726   0.0494144   0.0005013
         194   0.0438666   0.0493859 0.000499531
         195   0.0504084   0.0493911 0.000496997
         196   0.0482198   0.0493851 0.000494497
         197   0.0627143   0.0494528 0.000496595
         198   0.0556162   0.0494839 0.000495061
         199   0.0478346   0.0494756 0.000492643
         200    0.043664   0.0494466 0.000491036
         201   0.0532709   0.0494656 0.000488961
         202   0.0565494   0.0495007 0.000487797
         203   0.0624349   0.0495644 0.000489537
         204   0.0577211   0.0496044 0.000488768
         205   0.0508495   0.0496104 0.000486421
         206   0.0518216   0.0496212 0.000484178
         207     0.05913   0.0496671 0.000484014
         208    0.050833   0.0496727 0.000481719
         209   0.0518258    0.049683 0.000479524
         210   0.0505213    0.049687 0.000477258
         211    0.053716   0.0497061 0.000475378
         212   0.0441001   0.0496797  0.00047387
         213    0.039316    0.049631 0.000474137
         214   0.0443258   0.0496062 0.000472569
         215   0.0486679   0.0496018 0.000470391
         216   0.0360693   0.0495392 0.000472367
         217   0.0374458   0.0494835 0.000473466
         218   0.0364441   0.0494236 0.000475057
         219   0.0394024   0.0493779 0.000475087
         220   0.0374195   0.0493235 0.000476027
         221   0.0392805   0.0492781 0.000476037
         222   0.0424077   0.0492471 0.000474898
         223   0.0389647    0.049201 0.000475001
         224   0.0456538   0.0491852 0.000473145
         225   0.0350469   0.0491224 0.000475196
         226   0.0371006   0.0490692 0.000476061
         227   0.0403091   0.0490306 0.000475526
         228    0.043167   0.0490049 0.000474135
         229   0.0388705   0.0489606 0.000474125
         230   0.0361349   0.0489048 0.000475332
         231   0.0399287    0.048866  0.00047486
         232   0.0418055   0.0488355 0.000473787
         233   0.0417936   0.0488053 0.000472717
         234   0.0427813   0.0487796 0.000471397
         235   0.0450446   0.0487637 0.000469659
         236    0.041645   0.0487335 0.000468637
         237   0.0537894   0.0487549 0.000467144
         238   0.0448929   0.0487386 0.000465463
         239   0.0461518   0.0487278 0.000463642
         240   0.0405193   0.0486936  0.00046297
         241   0.0492706    0.048696 0.000461055
         242   0.0622004   0.0487518 0.000462514
         243   0.0654118   0.0488204 0.000465665
         244   0.0638853   0.0488821 0.000467831
         245   0.0518751   0.0488943 0.000466081
         246   0.0563009   0.0489244 0.000465158
         247   0.0491517   0.0489253 0.000463276
         248   0.0438463   0.0489049  0.00046186
         249   0.0476029   0.0488996 0.000460035
         250   0.0434698   0.0488779 0.000458707
         251   0.0423932   0.0488521 0.000457607
         252     0.05007   0.0488569 0.000455816
         253    0.051486   0.0488673 0.000454133
         254   0.0507057   0.0488745 0.000452403
         255   0.0438695   0.0488549 0.000451054
         256    0.043387   0.0488336 0.000449798
         257   0.0436033   0.0488132 0.000448508
         258   0.0507729   0.0488208 0.000446834
         259   0.0508081   0.0488285 0.000445174
         260   0.0415616   0.0488005 0.000444339
         261   0.0422576   0.0487755 0.000443343
         262   0.0455722   0.0487632 0.000441819
         263   0.0473907    0.048758  0.00044017
         264   0.0655518   0.0488216 0.000443076
         265    0.063317   0.0488763 0.000444767
         266   0.0537098   0.0488945 0.000443466
         267   0.0550281   0.0489175   0.0004424
         268   0.0608214   0.0489619 0.000442973
         269    0.063112   0.0490145 0.000444439
         270   0.0642792    0.049071 0.000446374
         271   0.0636998    0.049125 0.000447979
         272   0.0643305   0.0491809 0.000449807
         273   0.0655607   0.0492409 0.000452143
         274   0.0727213   0.0493266 0.000458542
         275   0.0819514   0.0494452 0.000471972
         276   0.0666343   0.0495075 0.000474353
         277   0.0507193   0.0495119 0.000472661
         278   0.0529841   0.0495244 0.000471126
         279   0.0425866   0.0494995 0.000470093
         280   0.0416959   0.0494716 0.000469239
         281   0.0399291   0.0494377 0.000468797
         282   0.0449732   0.0494219 0.000467401
         283   0.0446645    0.049405 0.000466052
         284   0.0437182    0.049385 0.000464841
         285   0.0460139   0.0493732  0.00046336
         286    0.041165   0.0493445 0.000462628
         287   0.0389057   0.0493081 0.000462444
         288   0.0438593   0.0492892 0.000461225
         289   0.0520265   0.0492987 0.000459726
         290    0.050835    0.049304 0.000458172
         291   0.0522695   0.0493142  0.00045671
         292   0.0449915   0.0492994 0.000455386
         293    0.054235   0.0493162 0.000454143
         294   0.0541595   0.0493327 0.000452897
         295   0.0537983   0.0493478 0.000451615
         296   0.0382314   0.0493103 0.000451648
         297   0.0406326    0.049281 0.000451072
         298     0.03615    0.049237 0.000451705
         299   0.0467326   0.0492286 0.000450272
         300   0.0467368   0.0492203 0.000448848
         301   0.0510192   0.0492263 0.000447396
         302   0.0462921   0.0492166  0.00044602
         303   0.0411041   0.0491898 0.000445351
         304   0.0481622   0.0491864 0.000443899
         305   0.0408386    0.049159 0.000443287
         306    0.039964    0.049129 0.000442855
         307   0.0453569   0.0491167 0.000441583
         308   0.0497993   0.0491189 0.000440155
         309   0.0462754   0.0491097 0.000438827
         310   0.0526997   0.0491213 0.000437564
         311   0.0494663   0.0491224 0.000436158
         312     0.05573   0.0491436 0.000435274
         313    0.043376   0.0491251 0.000434274
         314   0.0488582   0.0491243 0.000432891
         315    0.044006   0.0491081 0.000431822
         316   0.0435033   0.0490903 0.000430819
         317   0.0471761   0.0490843 0.000429503
         318   0.0430102   0.0490652 0.000428577
         319   0.0410605   0.0490401 0.000427967
         320   0.0419627    0.049018 0.000427201
         321   0.0401105   0.0489902  0.00042677
         322   0.0495189   0.0489919 0.000425448
         323   0.0484342   0.0489901 0.000424134
         324   0.0561172   0.0490121 0.000423395
         325   0.0469902   0.0490059 0.000422138
         326   0.0539505   0.0490211 0.000421116
         327   0.0596543   0.0490536 0.000421082
         328   0.0665862    0.049107 0.000423177
         329   0.0667776   0.0491608 0.000425285
         330   0.0557512   0.0491807 0.000424465
         331   0.0543604   0.0491964 0.000423471
         332   0.0598612   0.0492285 0.000423412
         333   0.0584365   0.0492561 0.000423043
         334   0.0430751   0.0492376 0.000422181
         335   0.0524127   0.0492471 0.000421027
         336   0.0514671   0.0492537 0.000419826
         337   0.0445337   0.0492397 0.000418814
         338   0.0557869   0.0492591 0.000418022
         339   0.0588912   0.0492875 0.000417754
         340   0.0622431   0.0493256 0.000418259
         341   0.0592249   0.0493546 0.000418039
         342   0.0490893   0.0493539 0.000416817
         343     0.04126   0.0493303 0.000416269
         344   0.0450846   0.0493179 0.000415242
         345   0.0409528   0.0492937 0.000414746
         346   0.0366843   0.0492572 0.000415145
         347   0.0495514   0.0492581  0.00041395
         348   0.0499339     0.04926 0.000412765
         349   0.0438191   0.0492444 0.000411876
         350   0.0463532   0.0492362 0.000410782
         351   0.0415397   0.0492142 0.000410197
         352   0.0473236   0.0492089 0.000409067
         353   0.0509911   0.0492139 0.000407939
         354   0.0592158   0.0492422 0.000407764
         355   0.0650331   0.0492867 0.000409034
         356   0.0725753   0.0493521 0.000413083
         357    0.065919   0.0493985 0.000414525
         358   0.0663085   0.0494457 0.000416049
         359    0.055134   0.0494616 0.000415192
         360   0.0673543   0.0495113 0.000417003
         361     0.07231   0.0495744 0.000420603
         362   0.0779224   0.0496527 0.000426669
         363   0.0594265   0.0496797 0.000426342
         364   0.0538989   0.0496912 0.000425328
         365     0.04702   0.0496839 0.000424226
         366   0.0499085   0.0496845 0.000423067
         367   0.0600086   0.0497127 0.000422849
         368   0.0566763   0.0497316 0.000422123
         369    0.059274   0.0497575  0.00042177
         370   0.0722672   0.0498183 0.000424995
         371   0.0691437   0.0498704  0.00042703
         372   0.0691028   0.0499221 0.000429001
         373   0.0808602    0.050005 0.000435795
         374   0.0715816   0.0500627 0.000438432
         375   0.0656782   0.0501044 0.000439236
         376   0.0526862   0.0501112 0.000438121
         377   0.0549098    0.050124 0.000437144
         378   0.0488103   0.0501205 0.000436001
         379   0.0483098   0.0501157 0.000434877
         380   0.0485019   0.0501115 0.000433753
         381   0.0446751   0.0500972 0.000432849
         382   0.0424619   0.0500772 0.000432178
         383   0.0380481   0.0500458 0.000432189
         384   0.0375546   0.0500133 0.000432286
         385   0.0422622   0.0499931 0.000431632
         386   0.0412974   0.0499706 0.000431101
         387   0.0453671   0.0499587 0.000430151
         388   0.0511064   0.0499617 0.000429052
         389   0.0453815   0.0499499 0.000428111
         390   0.0489341   0.0499473 0.000427021
         391   0.0451291    0.049935 0.000426107
         392   0.0543283   0.0499462 0.000425167
         393   0.0557766    0.049961 0.000424344
         394   0.0576879   0.0499806  0.00042372
         395   0.0565993   0.0499974 0.000422979
         396   0.0537318   0.0500068 0.000422016
         397   0.0474612   0.0500004 0.000421001
         398   0.0553329   0.0500138 0.000420157
         399   0.0571429   0.0500317 0.000419483
         400   0.0592567   0.0500547 0.000419068
         401   0.0509214   0.0500569 0.000418029
         402   0.0474189   0.0500503  0.00041704
         403   0.0413404   0.0500287 0.000416565
         404    0.036717   0.0499958 0.000416835
         405   0.0401328   0.0499714 0.000416517
         406   0.0423073   0.0499525 0.000415918
         407   0.0421447   0.0499333 0.000415339
         408   0.0451348   0.0499216 0.000414487
         409   0.0347139   0.0498844 0.000415138
         410   0.0380653   0.0498556 0.000415125
         411   0.0358961   0.0498216 0.000415502
         412   0.0513282   0.0498253  0.00041451
         413   0.0534048   0.0498339 0.000413597
         414   0.0521213   0.0498395 0.000412635
         415    0.054389   0.0498504 0.000411786
         416    0.051796   0.0498551 0.000410823
         417   0.0582597   0.0498752 0.000410332
         418   0.0495547   0.0498745 0.000409351
         419   0.0633262   0.0499066 0.000409631
         420   0.0428864   0.0498899 0.000408996
         421    0.046217   0.0498811 0.000408118
         422   0.0532537   0.0498891 0.000407229
         423   0.0504867   0.0498906 0.000406269
         424   0.0522859   0.0498962  0.00040535
         425   0.0473985   0.0498903 0.000404439
         426   0.0436522   0.0498757 0.000403754
         427   0.0429458   0.0498595 0.000403135
         428   0.0472467   0.0498533 0.000402239
         429   0.0549864   0.0498653 0.000401479
         430   0.0522011   0.0498707 0.000400582
         431   0.0497786   0.0498705 0.000399653
         432   0.0489917   0.0498685 0.000398733
         433   0.0387985   0.0498429 0.000398631
         434   0.0437143   0.0498288 0.000397963
         435   0.0468302   0.0498219 0.000397107
         436   0.0441497   0.0498089  0.00039641
         437   0.0481005    0.049805 0.000395522
         438   0.0536493   0.0498138 0.000394716
         439   0.0679861   0.0498552 0.000395982
         440   0.0614357   0.0498815 0.000395955
         441   0.0614606   0.0499077 0.000395927
         442   0.0565082   0.0499227 0.000395313
         443     0.04311   0.0499073  0.00039472
         444   0.0466342   0.0498999 0.000393899
         445    0.050561   0.0499014 0.000393017
         446   0.0497875   0.0499012 0.000392136
         447    0.043221   0.0498862 0.000391543
         448    0.042283   0.0498692 0.000391037
         449   0.0404823   0.0498483 0.000390725
         450   0.0425835   0.0498322  0.00039019
         451   0.0400225   0.0498104  0.00038993
         452   0.0469189    0.049804  0.00038912
         453   0.0386916   0.0497795 0.000389033
         454   0.0394458   0.0497568 0.000388842
         455    0.039717   0.0497347 0.000388613
         456   0.0375312   0.0497079 0.000388681
         457   0.0390779   0.0496847 0.000388526
         458   0.0478201   0.0496806 0.000387699
         459    0.045191   0.0496708 0.000386978
         460   0.0531847   0.0496784 0.000386212
         461   0.0573239    0.049695  0.00038573
         462   0.0549767   0.0497065 0.000385064
         463   0.0596457   0.0497279 0.000384831
         464   0.0550025   0.0497393 0.000384169
         465   0.0585235   0.0497582 0.000383807
         466   0.0640685   0.0497889  0.00038421
         467   0.0652013   0.0498219 0.000384802
         468   0.0722231   0.0498698 0.000386946
         469   0.0576253   0.0498863 0.000386474
         470   0.0412883    0.049868 0.000386084
         471    0.044249   0.0498561 0.000385449
         472   0.0475691   0.0498512 0.000384662
         473   0.0453917   0.0498418 0.000383965
         474   0.0523773   0.0498472 0.000383192
         475   0.0499687   0.0498474 0.000382385
         476   0.0532134   0.0498545 0.000381647
         477   0.0567809    0.049869 0.000381123
         478   0.0514928   0.0498724 0.000380341
         479   0.0416992   0.0498553  0.00037993
         480   0.0411067   0.0498371 0.000379575
         481   0.0398626   0.0498164 0.000379352
         482   0.0451914   0.0498068 0.000378686
         483   0.0471146   0.0498012 0.000377943
         484   0.0396746   0.0497803 0.000377741
         485   0.0453388   0.0497711 0.000377073
         486   0.0530723   0.0497779 0.000376359
         487   0.0435012    0.049765 0.000375806
         488    0.042861   0.0497509 0.000375303
         489   0.0435689   0.0497382 0.000374748
         490   0.0468978   0.0497324 0.000374028
         491   0.0367027   0.0497059 0.000374206
         492   0.0519631   0.0497105 0.000373474
         493   0.0536167   0.0497184   0.0003728
         494   0.0503387   0.0497197 0.000372048
         495   0.0595518   0.0497395 0.000371826
         496   0.0531952   0.0497465 0.000371142
         497   0.0527563   0.0497526 0.000370444
         498   0.0483369   0.0497497 0.000369711
         499   0.0479304   0.0497461 0.000368988
         500   0.0519781   0.0497505 0.000368278
         501   0.0468509   0.0497447 0.000367588
         502   0.0474219   0.0497401 0.000366885
         503   0.0403104   0.0497214 0.000366634
         504   0.0395225   0.0497011 0.000366465
         505   0.0450324   0.0496919 0.000365856
         506   0.0440255   0.0496807 0.000365304
         507   0.0452938    0.049672 0.000364686
         508   0.0410612   0.0496551 0.000364362
         509    0.035837   0.0496279 0.000364656
         510   0.0409974    0.049611 0.000364333
         511   0.0437678   0.0495996   0.0003638
         512   0.0429209   0.0495865 0.000363323
         513   0.0453412   0.0495783 0.000362709
         514   0.0507524   0.0495806  0.00036201
         515   0.0497738   0.0495809 0.000361308
         516     0.04959   0.0495809 0.000360607
         517   0.0532827   0.0495881 0.000359981
         518   0.0567454   0.0496019 0.000359551
         519   0.0562099   0.0496147 0.000359084
         520   0.0476171   0.0496108 0.000358414
         521   0.0494992   0.0496106 0.000357726
         522   0.0587036    0.049628 0.000357464
         523   0.0614864   0.0496507 0.000357499
         524   0.0606524   0.0496717 0.000357433
         525    0.058821   0.0496891 0.000357177
         526   0.0589178   0.0497067 0.000356928
         527   0.0567135     0.04972 0.000356499
         528   0.0524924   0.0497252 0.000355862
         529   0.0525638   0.0497306  0.00035523
         530   0.0467025   0.0497249 0.000354606
         531   0.0500418   0.0497255 0.000353938
         532   0.0488669   0.0497238 0.000353277
         533   0.0505783   0.0497254 0.000352618
         534   0.0461035   0.0497187 0.000352022
         535   0.0472989   0.0497141 0.000351393
         536   0.0603674    0.049734   0.0003513
         537   0.0460085   0.0497271 0.000350714
         538   0.0428525   0.0497143 0.000350295
         539   0.0348159   0.0496867 0.000350734
         540   0.0441578   0.0496764 0.000350234
         541   0.0464266   0.0496704 0.000349638
         542   0.0474785   0.0496664 0.000349016
         543   0.0512911   0.0496694 0.000348386
         544   0.0475324   0.0496654 0.000347768
         545   0.0502975   0.0496666 0.000347132
         546   0.0386623   0.0496464  0.00034708
         547   0.0393852   0.0496277 0.000346952
         548   0.0383736   0.0496071 0.000346927
         549   0.0364857   0.0495832 0.000347117
         550   0.0386331   0.0495633 0.000347056
         551   0.0409134   0.0495476 0.000346781
         552   0.0518298   0.0495518 0.000346178
         553   0.0568231   0.0495649 0.000345801
         554   0.0566541   0.0495777 0.000345414
         555   0.0466482   0.0495724 0.000344832
         556   0.0441646   0.0495627 0.000344349
         557   0.0375372   0.0495411 0.000344407
         558   0.0456982   0.0495342 0.000343858
         559    0.052027   0.0495387 0.000343272
         560   0.0469249    0.049534 0.000342691
         561    0.035814   0.0495096 0.000342952
         562   0.0320009   0.0494784 0.000343753
         563   0.0399583   0.0494615 0.000343559
         564   0.0424416   0.0494491 0.000343175
         565   0.0438405   0.0494391 0.000342711
         566   0.0440591   0.0494296 0.000342237
         567   0.0480115   0.0494271 0.000341643
         568   0.0370108   0.0494053  0.00034174
         569   0.0351496   0.0493802 0.000342056
         570   0.0401946   0.0493641 0.000341836
         571   0.0330056   0.0493354 0.000342436
         572   0.0322113   0.0493055 0.000343143
         573   0.0346316   0.0492799 0.000343498
         574   0.0355104   0.0492559 0.000343737
         575   0.0328076   0.0492273 0.000344327
         576   0.0330728   0.0491993  0.00034487
         577   0.0348153   0.0491743 0.000345172
         578   0.0346535   0.0491492 0.000345488
         579   0.0349943   0.0491248 0.000345755
         580   0.0347465      0.0491 0.000346046
         581   0.0413448   0.0490866 0.000345708
         582   0.0389646   0.0490692 0.000345551
         583   0.0397033   0.0490532 0.000345332
         584   0.0408489   0.0490391 0.000345026
         585   0.0464636   0.0490347 0.000344464
         586   0.0539102    0.049043 0.000343977
         587   0.0494132   0.0490437 0.000343391
         588   0.0592865   0.0490611 0.000343249
         589    0.057713   0.0490758  0.00034298
         590   0.0561799   0.0490878  0.00034261
         591   0.0514451   0.0490918 0.000342054
         592   0.0498447   0.0490931 0.000341478
         593   0.0480717   0.0490914 0.000340907
         594   0.0430886   0.0490812 0.000340483
         595   0.0491912   0.0490814 0.000339911
         596   0.0498983   0.0490828 0.000339343
         597   0.0574426   0.0490968 0.000339063
         598   0.0631038   0.0491202 0.000339304
         599   0.0587168   0.0491362 0.000339116
         600   0.0542316   0.0491447 0.000338657
         601     0.05013   0.0491464 0.000338098
         602   0.0489185    0.049146 0.000337536
         603   0.0461836   0.0491411 0.000337012
         604    0.042638   0.0491303 0.000336626
         605   0.0487654   0.0491297  0.00033607
         606   0.0441949   0.0491216 0.000335614
         607    0.041224   0.0491086 0.000335314
         608   0.0488434   0.0491081 0.000334762
         609   0.0521237   0.0491131 0.000334249
         610   0.0462045   0.0491083 0.000333735
         611   0.0406406   0.0490945 0.000333477
         612   0.0459802   0.0490894 0.000332971
         613   0.0513432    0.049093 0.000332448
         614   0.0466438   0.0490891  0.00033193
         615   0.0461889   0.0490843 0.000331424
         616   0.0359198    0.049063 0.000331574
         617   0.0442414   0.0490552 0.000331129
         618   0.0450459   0.0490487 0.000330657
         619    0.045937   0.0490436 0.000330161
         620   0.0378656   0.0490256  0.00033012
         621   0.0395338   0.0490103 0.000329942
         622    0.049428    0.049011 0.000329412
         623   0.0395147   0.0489958 0.000329236
         624   0.0384036   0.0489788 0.000329146
         625   0.0329279   0.0489531  0.00032962
         626    0.035836   0.0489321 0.000329758
         627   0.0357647   0.0489111 0.000329901
         628   0.0392118   0.0488957 0.000329737
         629   0.0399114   0.0488814 0.000329522
         630   0.0399504   0.0488672 0.000329303
         631   0.0406523   0.0488542 0.000329039
         632   0.0390244   0.0488387 0.000328885
         633   0.0454686   0.0488333 0.000328409
         634   0.0524009    0.048839 0.000327939
         635   0.0551459   0.0488489 0.000327573
         636   0.0617966   0.0488693  0.00032769
         637    0.062729    0.048891 0.000327897
         638    0.055441   0.0489013 0.000327544
         639   0.0684411   0.0489319 0.000328456
         640   0.0531062   0.0489384 0.000328007
         641   0.0528402   0.0489445 0.000327552
         642   0.0575236   0.0489578 0.000327314
         643   0.0484782   0.0489571 0.000326806
         644   0.0479374   0.0489555 0.000326302
         645   0.0510383   0.0489587 0.000325812
         646   0.0447207   0.0489522 0.000325374
         647   0.0470368   0.0489492 0.000324885
         648   0.0499117   0.0489507 0.000324387
         649    0.054672   0.0489595 0.000324007
         650   0.0491133   0.0489597 0.000323508
         651   0.0504306    0.048962 0.000323019
         652    0.043144   0.0489531 0.000322647
         653   0.0446189   0.0489464 0.000322221
         654   0.0438706   0.0489387 0.000321822
         655   0.0391877   0.0489238 0.000321675
         656   0.0440616   0.0489164  0.00032127
         657   0.0469149   0.0489133 0.000320795
         658   0.0447935   0.0489071 0.000320369
         659   0.0519489   0.0489117 0.000319916
         660   0.0529007   0.0489177 0.000319488
         661   0.0501742   0.0489196 0.000319011
         662   0.0406177   0.0489071 0.000318775
         663    0.040336   0.0488942 0.000318556
         664   0.0343877   0.0488723 0.000318825
         665   0.0386077   0.0488569 0.000318719
         666   0.0405924   0.0488445 0.000318482
         667   0.0387875   0.0488294 0.000318361
         668   0.0357966   0.0488099 0.000318482
         669   0.0373156   0.0487927 0.000318469
         670   0.0410749   0.0487812 0.000318202
         671   0.0461561   0.0487773 0.000317751
         672   0.0421238   0.0487674 0.000317433
         673   0.0408603   0.0487556 0.000317178
         674   0.0427929   0.0487468 0.000316831
         675   0.0451375   0.0487414 0.000316407
         676   0.0489719   0.0487418 0.000315939
         677   0.0466826   0.0487387 0.000315487
         678   0.0478721   0.0487375 0.000315024
         679   0.0542071   0.0487455 0.000314663
         680   0.0486551   0.0487454 0.000314201
         681   0.0434239   0.0487376 0.000313836
         682   0.0470018    0.048735 0.000313387
         683   0.0423061   0.0487256 0.000313069
         684   0.0390031   0.0487114 0.000312934
         685   0.0395683    0.048698 0.000312762
         686   0.0405443   0.0486862 0.000312531
         687   0.0428738   0.0486777 0.000312191
         688   0.0490022   0.0486782 0.000311738
         689    0.049976   0.0486801 0.000311291
         690   0.0437111   0.0486729 0.000310923
         691   0.0461704   0.0486692 0.000310494
         692   0.0475356   0.0486676  0.00031005
         693   0.0464872   0.0486644 0.000309618
         694   0.0442653   0.0486581 0.000309237
         695   0.0476053   0.0486566 0.000308796
         696    0.049946   0.0486584 0.000308358
         697   0.0631213   0.0486792 0.000308613
         698   0.0495909   0.0486805 0.000308173
         699   0.0466876   0.0486777 0.000307746
         700   0.0538883   0.0486851 0.000307396
         701   0.0491897   0.0486858 0.000306958
         702     0.04981   0.0486874 0.000306525
         703   0.0438789   0.0486806 0.000306165
         704   0.0390637   0.0486669 0.000306035
         705   0.0403042   0.0486551 0.000305831
         706   0.0362434   0.0486375 0.000305903
         707   0.0414354   0.0486273 0.000305639
         708   0.0426332   0.0486188 0.000305325
         709   0.0569952   0.0486306 0.000305123
         710   0.0479393   0.0486297 0.000304695
         711    0.041637   0.0486198 0.000304425
         712    0.041437   0.0486097 0.000304164
         713   0.0431937   0.0486021 0.000303833
         714   0.0420491    0.048593 0.000303546
         715    0.037435   0.0485774 0.000303522
         716   0.0415168   0.0485675 0.000303258
         717   0.0478146   0.0485664 0.000302837
         718   0.0366674   0.0485499 0.000302868
         719   0.0357749   0.0485321 0.000302968
         720   0.0355511   0.0485141 0.000303083
         721   0.0360438   0.0484968 0.000303156
         722   0.0459605   0.0484933 0.000302756
         723   0.0495246   0.0484947 0.000302341
         724   0.0393033    0.048482  0.00030219
         725   0.0431966   0.0484747 0.000301861
         726   0.0426405   0.0484667 0.000301552
         727   0.0451231   0.0484621 0.000301172
         728   0.0381154   0.0484479 0.000301094
         729   0.0378355   0.0484333 0.000301032
         730   0.0437776   0.0484269 0.000300688
         731    0.043636   0.0484204 0.000300348
         732   0.0374317   0.0484054 0.000300312
         733   0.0383277   0.0483916 0.000300217
         734   0.0402552   0.0483805 0.000300013
         735   0.0449633   0.0483759 0.000299641
         736   0.0432004   0.0483688 0.000299316
         737   0.0459573   0.0483656 0.000298928
         738   0.0411397   0.0483558 0.000298683
         739   0.0392327   0.0483434 0.000298534
         740   0.0521933   0.0483486 0.000298176
         741   0.0568926   0.0483602 0.000297996
         742   0.0539558   0.0483677  0.00029769
         743   0.0499748   0.0483699 0.000297297
         744   0.0461971    0.048367 0.000296912
         745   0.0513608    0.048371 0.000296541
         746   0.0471291   0.0483693 0.000296148
         747   0.0431459   0.0483623 0.000295834
         748   0.0394758   0.0483504 0.000295677
         749   0.0441346   0.0483448 0.000295336
         750   0.0464638   0.0483423 0.000294952
         751   0.0438304   0.0483363 0.000294621
         752    0.041587   0.0483273 0.000294366
         753    0.039696   0.0483159 0.000294198
         754   0.0447538   0.0483111 0.000293846
         755   0.0430533   0.0483042 0.000293539
         756   0.0505115   0.0483071 0.000293165
         757   0.0567842   0.0483183 0.000292992
         758   0.0606495   0.0483346 0.000293057
         759   0.0520389   0.0483394 0.000292711
         760   0.0578553    0.048352 0.000292594
         761   0.0524069   0.0483573 0.000292258
         762   0.0525588   0.0483628 0.000291926
         763   0.0553439   0.0483719 0.000291687
         764   0.0551938   0.0483809 0.000291442
         765   0.0586078   0.0483942 0.000291367
         766   0.0556699   0.0484037 0.000291142
         767   0.0590839   0.0484177 0.000291095
         768   0.0496397   0.0484193  0.00029072
         769   0.0421744   0.0484111 0.000290455
         770   0.0527998   0.0484168 0.000290134
         771   0.0526937   0.0484224 0.000289811
         772   0.0512516    0.048426 0.000289459
         773   0.0554611   0.0484351 0.000289227
         774   0.0662137   0.0484581 0.000289764
         775   0.0694482   0.0484852 0.000290653
         776    0.080821   0.0485269 0.000293251
         777   0.0718291   0.0485569 0.000294403
         778   0.0653424   0.0485784 0.000294814
         779   0.0798751   0.0486186  0.00029716
         780   0.0541517   0.0486257 0.000296864
         781   0.0526605   0.0486309 0.000296529
         782   0.0443265   0.0486254 0.000296201
         783    0.045427   0.0486213  0.00029585
         784   0.0417143   0.0486125 0.000295604
         785   0.0450726    0.048608 0.000295262
         786   0.0406982   0.0485979 0.000295058
         787   0.0430977   0.0485909 0.000294766
         788   0.0429959   0.0485838 0.000294477
         789   0.0331368   0.0485642 0.000294754
         790   0.0425957   0.0485567 0.000294478
         791   0.0431871   0.0485499 0.000294184
         792   0.0445113   0.0485448 0.000293856
         793   0.0464629   0.0485422 0.000293497
         794   0.0454542   0.0485383 0.000293154
         795   0.0444994   0.0485332 0.000292829
         796    0.052537   0.0485382 0.000292504
         797   0.0542439   0.0485454 0.000292225
         798     0.05496   0.0485534 0.000291969
         799   0.0499547   0.0485552 0.000291609
         800   0.0447706   0.0485504 0.000291283
         801   0.0517599   0.0485545 0.000290947
         802   0.0495603   0.0485557 0.000290587
         803   0.0551381   0.0485639  0.00029034
         804   0.0456515   0.0485603 0.000290002
         805   0.0490245   0.0485609 0.000289642
         806   0.0433865   0.0485544 0.000289354
         807   0.0449016   0.0485499 0.000289031
         808   0.0421922    0.048542  0.00028878
         809   0.0481257   0.0485415 0.000288424
         810    0.043229    0.048535 0.000288142
         811   0.0579155   0.0485465 0.000288019
         812   0.0570557    0.048557 0.000287855
         813   0.0538698   0.0485636 0.000287575
         814   0.0426653   0.0485563 0.000287313
         815   0.0492975   0.0485572 0.000286962
         816   0.0457934   0.0485538  0.00028663
         817   0.0423796   0.0485463 0.000286379
         818   0.0407004   0.0485367 0.000286189
         819   0.0441352   0.0485313  0.00028589
         820   0.0400152   0.0485209  0.00028573
         821   0.0463478   0.0485183 0.000285395
         822   0.0480498   0.0485177 0.000285048
         823    0.053769   0.0485241 0.000284773
         824   0.0562033   0.0485334  0.00028458
         825   0.0689351   0.0485581 0.000285307
         826   0.0673728   0.0485809  0.00028587
         827   0.0615182   0.0485966 0.000285952
         828   0.0531254    0.048602 0.000285659
         829   0.0535204    0.048608 0.000285376
         830    0.055321    0.048616 0.000285147
         831   0.0537665   0.0486222 0.000284871
         832   0.0559753   0.0486311 0.000284665
         833   0.0512712   0.0486343 0.000284341
         834   0.0473973   0.0486328 0.000284004
         835   0.0477709   0.0486317 0.000283666
         836   0.0435676   0.0486257 0.000283391
         837   0.0395386   0.0486148 0.000283261
         838   0.0537958    0.048621  0.00028299
         839   0.0463453   0.0486183 0.000282666
         840   0.0549405   0.0486258 0.000282429
         841   0.0545523   0.0486329 0.000282182
         842   0.0489952   0.0486333 0.000281847
         843   0.0592203   0.0486459 0.000281792
         844   0.0513534   0.0486491 0.000281476
         845   0.0511083    0.048652 0.000281158
         846   0.0530633   0.0486572 0.000280874
         847   0.0557714   0.0486656 0.000280668
         848    0.053943   0.0486718 0.000280406
         849   0.0481784   0.0486712 0.000280077
         850   0.0407679   0.0486619 0.000279901
         851   0.0476165   0.0486607 0.000279575
         852   0.0486544   0.0486607 0.000279247
         853   0.0467181   0.0486584 0.000278929
         854   0.0496357   0.0486596 0.000278605
         855   0.0424602   0.0486523 0.000278373
         856   0.0405478   0.0486428 0.000278209
         857   0.0419796   0.0486351 0.000277993
         858    0.049941   0.0486366 0.000277673
         859   0.0389635   0.0486253 0.000277578
         860    0.052193   0.0486295 0.000277286
         861   0.0436109   0.0486236 0.000277026
         862   0.0483797   0.0486234 0.000276704
         863   0.0564804   0.0486325 0.000276533
         864   0.0531688   0.0486377 0.000276263
         865   0.0496416   0.0486389 0.000275946
         866   0.0548071    0.048646  0.00027572
         867   0.0614823   0.0486608 0.000275799
         868    0.064771   0.0486794 0.000276105
         869   0.0504136   0.0486814 0.000275794
         870   0.0456329   0.0486779   0.0002755
         871   0.0405255   0.0486685 0.000275342
         872   0.0473294    0.048667 0.000275031
         873   0.0576761   0.0486773 0.000274909
         874   0.0563043    0.048686 0.000274733
         875   0.0609195      0.0487 0.000274775
         876   0.0597122   0.0487126 0.000274748
         877   0.0602113   0.0487257 0.000274748
         878   0.0575334   0.0487357 0.000274618
         879   0.0619244   0.0487507 0.000274715
         880    0.063265   0.0487672 0.000274898
         881   0.0553428   0.0487747 0.000274687
         882    0.057937   0.0487851 0.000274572
         883   0.0495337   0.0487859 0.000274262
         884   0.0443448   0.0487809 0.000273998
         885   0.0501532   0.0487824 0.000273693
         886   0.0552073   0.0487897  0.00027348
         887   0.0488893   0.0487898 0.000273172
         888   0.0440699   0.0487845 0.000272916
         889   0.0403268    0.048775 0.000272774
         890   0.0380704   0.0487629 0.000272733
         891   0.0392941   0.0487523 0.000272634
         892   0.0406886   0.0487433 0.000272478
         893   0.0424522   0.0487362 0.000272264
         894   0.0501195   0.0487378 0.000271964
         895   0.0509806   0.0487403 0.000271672
         896   0.0494683   0.0487411  0.00027137
         897   0.0540283    0.048747 0.000271131
         898   0.0575399   0.0487568 0.000271006
         899   0.0698433   0.0487802 0.000271718
         900   0.0704017   0.0488043 0.000272476
         901   0.0505901   0.0488062  0.00027218
         902   0.0527478   0.0488106 0.000271914
         903   0.0610308   0.0488241 0.000271949
         904   0.0564595   0.0488326 0.000271779
         905   0.0494715   0.0488333  0.00027148
         906   0.0575621   0.0488429 0.000271351
         907   0.0508571   0.0488451 0.000271061
         908   0.0465945   0.0488427 0.000270774
         909    0.052543   0.0488467 0.000270507
         910   0.0583432   0.0488572 0.000270411
         911   0.0689281   0.0488792  0.00027101
         912   0.0603307   0.0488918 0.000271003
         913   0.0611087   0.0489051 0.000271037
         914   0.0572522   0.0489143 0.000270894
         915   0.0585458   0.0489248 0.000270802
         916   0.0561309   0.0489327 0.000270621
         917   0.0685821   0.0489541 0.000271173
         918   0.0723654   0.0489796 0.000272074
         919   0.0566223   0.0489879 0.000271905
         920   0.0483049   0.0489872 0.000271611
         921   0.0471828   0.0489852 0.000271323
         922   0.0493986   0.0489857 0.000271029
         923   0.0479391   0.0489845 0.000270738
         924   0.0481346   0.0489836 0.000270446
         925   0.0506956   0.0489855  0.00027016
         926   0.0441047   0.0489802  0.00026992
         927   0.0522464   0.0489837 0.000269652
         928   0.0655671   0.0490016 0.000269952
         929   0.0547691   0.0490078 0.000269733
         930   0.0480347   0.0490067 0.000269445
         931    0.050583   0.0490084 0.000269161
         932   0.0597982     0.04902 0.000269121
         933    0.056848   0.0490284 0.000268964
         934   0.0575042   0.0490375 0.000268829
         935   0.0549799   0.0490438 0.000268616
         936   0.0553669   0.0490506 0.000268414
         937    0.057251   0.0490593  0.00026827
         938   0.0480925   0.0490583 0.000267986
         939   0.0453606   0.0490544  0.00026773
         940   0.0456989   0.0490508 0.000267469
         941   0.0559222   0.0490581 0.000267284
         942   0.0532401   0.0490625 0.000267037
         943   0.0476797   0.0490611 0.000266758
         944   0.0434719   0.0490552 0.000266541
         945    0.043851   0.0490497 0.000266316
         946   0.0455917    0.049046  0.00026606
         947   0.0389333   0.0490353 0.000265993
         948   0.0435069   0.0490295 0.000265776
         949   0.0545824   0.0490353 0.000265561
         950   0.0542172   0.0490408 0.000265337
         951   0.0487789   0.0490405 0.000265058
         952   0.0445799   0.0490358 0.000264821
         953   0.0419149   0.0490284 0.000264649
         954   0.0529666   0.0490325 0.000264404
         955   0.0565107   0.0490403 0.000264243
         956   0.0487723     0.04904 0.000263966
         957   0.0383307   0.0490288 0.000263928
         958   0.0465193   0.0490262 0.000263665
         959   0.0496611   0.0490269 0.000263391
         960   0.0493545   0.0490272 0.000263117
         961   0.0502941   0.0490286 0.000262846
         962   0.0578231   0.0490377 0.000262732
         963   0.0565406   0.0490455 0.000262575
         964   0.0476649   0.0490441 0.000262306
         965   0.0541691   0.0490494 0.000262088
         966    0.050684   0.0490511 0.000261822
         967   0.0517924   0.0490539 0.000261567
         968   0.0531677   0.0490581 0.000261331
         969   0.0522008   0.0490614 0.000261082
         970   0.0554772    0.049068 0.000260896
         971   0.0652405   0.0490847 0.000261159
         972   0.0601066    0.049096 0.000261136
         973   0.0538298   0.0491009 0.000260913
         974   0.0444201   0.0490961 0.000260689
         975   0.0435421   0.0490904 0.000260484
         976   0.0461618   0.0490874 0.000260235
         977   0.0482617   0.0490865  0.00025997
         978    0.041273   0.0490785 0.000259827
         979   0.0416608   0.0490709 0.000259672
         980   0.0434883   0.0490652 0.000259469
         981   0.0526295   0.0490689  0.00025923
         982   0.0565423   0.0490765 0.000259078
         983    0.052397   0.0490799 0.000258836
         984   0.0458797   0.0490766 0.000258594
         985   0.0398677   0.0490673   0.0002585
         986   0.0377398   0.0490558 0.000258493
         987   0.0364555    0.049043 0.000258546
         988   0.0325058   0.0490263 0.000258826
         989   0.0402227   0.0490174 0.000258717
         990   0.0299933   0.0489982 0.000259168
         991   0.0359823    0.048985  0.00025924
         992   0.0366808   0.0489726 0.000259275
         993   0.0415324   0.0489651 0.000259122
         994   0.0473952   0.0489635 0.000258866
         995   0.0682783    0.048983 0.000259333
         996   0.0575388   0.0489915 0.000259214
         997   0.0546461   0.0489972 0.000259017
         998   0.0523029   0.0490005 0.000258778
         999   0.0475994   0.0489991 0.000258523
        1000   0.0470093   0.0489971 0.000258272
