           1     1.07866     1.07866           0
           2     1.55419     1.31643    0.168126
           3     1.12297     1.25194    0.123835
           4     1.07367     1.20737    0.100577
           5     1.01886     1.16967   0.0872426
           6     1.46982      1.2197   0.0858549
           7     1.47394     1.25602   0.0809086
           8     1.99852     1.34883    0.112024
           9     2.17299      1.4404    0.131793
          10     1.86164     1.48253    0.125165
          11     1.76092     1.50783    0.116317
          12     1.69474     1.52341    0.107661
          13     1.23665     1.50135    0.101614
          14     1.04612     1.46884   0.0994228
          15    0.850983     1.42765    0.100967
          16     1.20868     1.41396   0.0955797
          17     1.38123     1.41203   0.0899767
          18     1.44203      1.4137   0.0849935
          19     1.70426     1.42899   0.0818843
          20     1.79995     1.44754   0.0798631
          21     1.25917     1.43857   0.0765622
          22     1.66481     1.44885   0.0737695
          23     1.15614     1.43613   0.0716515
          24    0.970092     1.41671   0.0712487
          25     1.30577     1.41227   0.0685368
          26     1.55729     1.41785   0.0661273
          27     1.65425     1.42661   0.0642552
          28     1.71101     1.43676    0.062758
          29     1.62686     1.44332   0.0609353
          30     1.33185      1.4396   0.0590173
          31    0.741118     1.41707   0.0612638
          32     1.03801     1.40522   0.0604837
          33    0.819008     1.38746    0.061204
          34    0.802255     1.37025   0.0617767
          35    0.922419     1.35745   0.0613224
          36     1.31944      1.3564   0.0596281
          37    0.790921     1.34111   0.0599431
          38    0.959388     1.33107   0.0592014
          39     1.13193     1.32596   0.0579032
          40    0.786039     1.31246   0.0580076
          41    0.817565     1.30039    0.057835
          42    0.898824     1.29083   0.0572428
          43    0.983013     1.28367   0.0563574
          44     1.09323     1.27935   0.0552426
          45     1.35744     1.28108   0.0540422
          46     1.13808     1.27797   0.0529567
          47     1.23352     1.27703   0.0518384
          48     1.34563     1.27846   0.0507781
          49     1.31256     1.27915   0.0497466
          50     1.17446     1.27706   0.0487957
          51     1.78509     1.28702   0.0488452
          52     1.44111     1.28998   0.0479956
          53     1.21327     1.28854   0.0471119
          54     1.17506     1.28643   0.0462863
          55     1.34463     1.28749   0.0454568
          56     1.53912     1.29199   0.0448666
          57     1.61268     1.29761   0.0444308
          58     1.62582     1.30327   0.0440237
          59     1.52466     1.30702   0.0434371
          60      1.7068     1.31369   0.0432212
          61     1.48665     1.31652   0.0426055
          62     1.76862     1.32381   0.0425378
          63     1.73482     1.33034   0.0423599
          64     1.38987     1.33127   0.0417082
          65     1.54481     1.33455   0.0411958
          66     1.71975     1.34039   0.0409829
          67     1.77436     1.34687   0.0408799
          68      1.7856     1.35332   0.0407847
          69     1.27373     1.35216   0.0402099
          70     1.15259     1.34931   0.0397364
          71     1.13074     1.34623   0.0392958
          72     1.33141     1.34603   0.0387506
          73     1.40204      1.3468   0.0382273
          74     1.49285     1.34877   0.0377617
          75     1.39789     1.34943   0.0372639
          76     1.27538     1.34845   0.0367863
          77     1.53951     1.35093   0.0363921
          78     1.36877     1.35116   0.0359263
          79      1.3867     1.35161   0.0354743
          80    0.960364     1.34672   0.0353664
          81    0.901055     1.34122   0.0353552
          82    0.795116     1.33456   0.0355457
          83    0.971148     1.33018   0.0353861
          84     1.29905     1.32981   0.0349668
          85     1.64616     1.33353   0.0347529
          86     1.54617       1.336   0.0344366
          87     1.51385     1.33805   0.0341014
          88     1.73818     1.34259   0.0340157
          89     2.25467     1.35284   0.0351434
          90     2.34943     1.36392   0.0364557
          91     2.21666     1.37329   0.0372399
          92     1.75597     1.37745   0.0370667
          93     1.45631     1.37829   0.0366779
          94     1.68758     1.38158    0.036435
          95     1.82789     1.38628    0.036353
          96     1.35443     1.38595   0.0359759
          97      1.4584      1.3867   0.0356127
          98     1.06565     1.38342   0.0353997
          99     0.82273     1.37776   0.0354923
         100     1.06658     1.37465   0.0352735
         101      1.0896     1.37182    0.035037
         102     1.20578      1.3702   0.0347313
         103     1.69715     1.37337   0.0345389
         104     2.06657     1.38004    0.034844
         105     1.66368     1.38274   0.0346167
         106     2.04092     1.38895   0.0348425
         107     2.03143     1.39495   0.0350305
         108     1.60901     1.39693   0.0347621
         109     1.62261       1.399   0.0345048
         110      1.7705     1.40238    0.034356
         111     1.96007      1.4074   0.0344119
         112     1.66838     1.40974   0.0341835
         113     1.34622     1.40917   0.0338856
         114     1.55851     1.41048   0.0336137
         115      1.4853     1.41113   0.0333277
         116     1.55203     1.41235   0.0330625
         117     1.56741     1.41367   0.0328064
         118     1.63618     1.41556   0.0325826
         119     1.54671     1.41666   0.0323274
         120     1.75756      1.4195   0.0321826
         121     2.13931     1.42545   0.0324618
         122     1.77421     1.42831   0.0323213
         123     1.93951     1.43247   0.0323246
         124     2.49824     1.44106    0.033187
         125     2.03557     1.44582   0.0332605
         126     2.02134     1.45038   0.0333087
         127     1.58875     1.45147   0.0330642
         128     1.65208     1.45304   0.0328431
         129     1.70492     1.45499   0.0326464
         130     1.57067     1.45588   0.0324074
         131     1.53792     1.45651   0.0321661
         132     2.19719     1.46212   0.0324081
         133     1.79121      1.4646   0.0322588
         134     1.22303     1.46279   0.0320684
         135     1.44386     1.46265   0.0318312
         136      1.8597     1.46557   0.0317307
         137     1.74886     1.46764   0.0315664
         138     1.59692     1.46858   0.0313516
         139     1.46237     1.46853    0.031126
         140     1.84564     1.47123     0.03102
         141     1.75315     1.47322   0.0308644
         142        1.74      1.4751   0.0307042
         143     1.96134      1.4785   0.0306772
         144     1.66684     1.47981    0.030492
         145     2.35781     1.48587   0.0308771
         146     1.94796     1.48903   0.0308274
         147     2.11977     1.49332   0.0309148
         148     2.06978     1.49722   0.0309503
         149     1.91622     1.50003   0.0308701
         150     2.52885     1.50689    0.031417
         151     2.57463     1.51396   0.0319948
         152     2.44787      1.5201   0.0323689
         153     2.30994     1.52527   0.0325664
         154     2.44881     1.53126   0.0329025
         155     2.16954     1.53538   0.0329469
         156     2.28967     1.54022   0.0330886
         157     2.80474     1.54827   0.0338439
         158     2.10541      1.5518   0.0338129
         159     2.59435     1.55835   0.0342301
         160     2.43585     1.56384   0.0344527
         161     2.17085     1.56761   0.0344444
         162     1.97173      1.5701    0.034322
         163     2.58246     1.57631   0.0346688
         164     2.31511     1.58082   0.0347488
         165     2.61049     1.58706   0.0350941
         166     2.17142     1.59058   0.0350588
         167     2.19234     1.59418   0.0350336
         168     2.15999     1.59755   0.0349866
         169      1.9358     1.59955   0.0348367
         170      2.0628     1.60228   0.0347382
         171     1.75512     1.60317   0.0345466
         172      2.2726     1.60706   0.0345643
         173     2.28222     1.61097   0.0345841
         174     2.50684     1.61611   0.0347665
         175     2.49601     1.62114   0.0349295
         176     2.86202     1.62819   0.0354355
         177     2.50908     1.63317    0.035583
         178     1.65946     1.63332   0.0353834
         179     1.73827      1.6339   0.0351906
         180     2.27548     1.63747   0.0351751
         181     2.31384      1.6412   0.0351787
         182     1.91315      1.6427   0.0350172
         183     1.90249     1.64412   0.0348546
         184     2.11359     1.64667   0.0347584
         185      2.1949     1.64963   0.0346966
         186      2.2546     1.65289   0.0346622
         187      2.1796      1.6557   0.0345911
         188     2.12777     1.65821   0.0344981
         189     1.96137     1.65982   0.0343529
         190     2.62155     1.66488    0.034543
         191     2.28882     1.66815   0.0345162
         192     2.45732     1.67226   0.0345803
         193     2.21452     1.67507   0.0345151
         194     2.26317      1.6781   0.0344701
         195     2.52001     1.68241   0.0345626
         196     2.09481     1.68452   0.0344503
         197     2.50878      1.6887   0.0345285
         198     1.83545     1.68944   0.0343621
         199     1.80509     1.69003   0.0341943
         200     2.32333     1.69319   0.0341697
         201     2.10481     1.69524    0.034061
         202     2.04359     1.69696    0.033936
         203     1.51646     1.69607   0.0337805
         204      1.5377      1.6953   0.0336238
         205     1.87458     1.69617   0.0334712
         206     2.17236     1.69848   0.0333884
         207     1.75861     1.69877   0.0332284
         208     1.97443      1.7001    0.033095
         209     1.76982     1.70043   0.0329384
         210     1.60678     1.69999   0.0327845
         211     1.75558     1.70025   0.0326302
         212     1.74023     1.70044   0.0324768
         213     1.89015     1.70133   0.0323366
         214     1.60165     1.70086   0.0321888
         215     1.55557     1.70019   0.0320462
         216      1.5589     1.69953   0.0319045
         217     1.69289      1.6995   0.0317575
         218     2.16746     1.70165   0.0316843
         219     1.90284     1.70257   0.0315529
         220     1.74943     1.70278   0.0314102
         221     1.65171     1.70255    0.031269
         222     1.09801     1.69983   0.0312465
         223     1.10305     1.69715   0.0312207
         224     1.27546     1.69527   0.0311381
         225     1.20343     1.69308   0.0310763
         226     1.55491     1.69247   0.0309448
         227     1.53551     1.69178   0.0308162
         228     2.02876     1.69326   0.0307165
         229     1.89988     1.69416   0.0305956
         230     1.92819     1.69518   0.0304795
         231     1.77044      1.6955   0.0303493
         232     1.86318     1.69623   0.0302271
         233      1.6647     1.69609   0.0300976
         234     1.33159     1.69453   0.0300093
         235     1.57333     1.69402    0.029886
         236     1.57372     1.69351   0.0297637
         237     1.30213     1.69186   0.0296839
         238     1.28752     1.69016   0.0296078
         239     1.83818     1.69078   0.0294904
         240      1.9959     1.69205   0.0293949
         241      1.5013     1.69126   0.0292836
         242     1.57872     1.69079   0.0291663
         243     1.53867     1.69017    0.029053
         244     1.46687     1.68925   0.0289483
         245     1.78901     1.68966    0.028833
         246     1.75496     1.68992    0.028717
         247     1.64483     1.68974   0.0286013
         248     1.40019     1.68857   0.0285098
         249      1.6756     1.68852   0.0283954
         250     1.21398     1.68662   0.0283452
         251     1.23554     1.68483   0.0282892
         252     1.33392     1.68343   0.0282111
         253     1.50187     1.68272   0.0281088
         254     1.32686     1.68132    0.028033
         255     1.05351     1.67885    0.028031
         256     1.58399     1.67848   0.0279239
         257     1.93485     1.67948   0.0278331
         258     1.88908     1.68029    0.027737
         259     1.88353     1.68108   0.0276411
         260     1.64081     1.68092   0.0275352
         261     1.92348     1.68185   0.0274454
         262     1.48867     1.68111   0.0273505
         263     2.00216     1.68234   0.0272737
         264     1.57186     1.68192   0.0271736
         265     1.65935     1.68183   0.0270712
         266      1.4926     1.68112   0.0269788
         267     1.50245     1.68045   0.0268861
         268     1.58519      1.6801   0.0267881
         269      1.5125     1.67947   0.0266957
         270     1.57367     1.67908   0.0265997
         271     1.61445     1.67884   0.0265027
         272     1.44462     1.67798   0.0264192
         273     1.87552      1.6787   0.0263323
         274     1.91776     1.67958   0.0262507
         275     2.34836     1.68201   0.0262676
         276     1.79307     1.68241   0.0261756
         277     1.51999     1.68183   0.0260876
         278     1.60073     1.68153   0.0259954
         279      2.1468      1.6832   0.0259557
         280     1.83789     1.68375   0.0258689
         281     1.66549     1.68369   0.0257769
         282     1.41049     1.68272   0.0257037
         283     1.59393     1.68241   0.0256148
         284     1.60624     1.68214    0.025526
         285     1.71348     1.68225   0.0254366
         286     1.85581     1.68285   0.0253549
         287     2.02105     1.68403    0.025294
         288     2.71127      1.6876   0.0254564
         289     2.63886     1.69089   0.0255802
         290     2.56074     1.69389   0.0256673
         291     2.59179     1.69698   0.0257638
         292     1.99248     1.69799   0.0256955
         293     1.86198     1.69855   0.0256139
         294     1.75332     1.69873   0.0255274
         295     1.74731      1.6989   0.0254414
         296     1.87071     1.69948   0.0253621
         297     1.20783     1.69782   0.0253307
         298     1.40787     1.69685   0.0252644
         299     2.14883     1.69836    0.025225
         300      1.8385     1.69883   0.0251453
         301      1.2972      1.6975   0.0250971
         302     1.45962     1.69671   0.0250264
         303     1.20283     1.69508   0.0249968
         304     1.55618     1.69462   0.0249188
         305     1.28361     1.69327   0.0248735
         306     1.44932     1.69248   0.0248049
         307     1.84159     1.69296   0.0247289
         308     1.92428     1.69371     0.02466
         309     1.99208     1.69468   0.0245991
         310     2.00645     1.69568   0.0245403
         311     1.77797     1.69595   0.0244628
         312     1.66843     1.69586   0.0243846
         313     1.60822     1.69558   0.0243083
         314     2.14735     1.69702   0.0242734
         315     2.11718     1.69835    0.024233
         316     2.00117     1.69931   0.0241752
         317     2.13311     1.70068   0.0241377
         318     1.76807     1.70089   0.0240627
         319     1.47589     1.70019   0.0239976
         320     1.21759     1.69868   0.0239699
         321     1.33268     1.69754   0.0239224
         322     1.40173     1.69662   0.0238657
         323     1.89473     1.69723   0.0237997
         324     2.16004     1.69866   0.0237691
         325     2.43722     1.70093   0.0238043
         326     2.12285     1.70223   0.0237665
         327     1.92399     1.70291   0.0237034
         328     1.64293     1.70272   0.0236319
         329     2.26061     1.70442   0.0236208
         330      2.3926      1.7065   0.0236411
         331     1.82713     1.70687   0.0235725
         332     1.42233     1.70601   0.0235171
         333     1.47174     1.70531    0.023457
         334     1.46178     1.70458   0.0233981
         335     1.37866     1.70361   0.0233484
         336     1.51524     1.70305   0.0232857
         337     1.63608     1.70285   0.0232174
         338     1.76823     1.70304   0.0231496
         339      1.8588      1.7035   0.0230858
         340     1.34747     1.70245   0.0230417
         341    0.972437     1.70031   0.0230733
         342    0.935295     1.69807    0.023114
         343      1.1635     1.69652   0.0230991
         344     1.44319     1.69578   0.0230437
         345     1.27253     1.69455   0.0230096
         346     1.05674     1.69271   0.0230168
         347     1.33964     1.69169   0.0229729
         348     1.44144     1.69097   0.0229182
         349     1.11274     1.68932   0.0229123
         350     1.33502      1.6883   0.0228692
         351     1.19934     1.68691   0.0228464
         352     1.35567     1.68597   0.0228009
         353     1.54053     1.68556     0.02274
         354     1.31826     1.68452   0.0226994
         355     1.75267     1.68471   0.0226363
         356     1.54441     1.68432   0.0225762
         357     1.34648     1.68337   0.0225328
         358     1.50757     1.68288   0.0224752
         359     1.21508     1.68158   0.0224503
         360     1.72446      1.6817   0.0223883
         361     1.04278     1.67993   0.0223961
         362     1.29516     1.67886   0.0223594
         363    0.959259     1.67688   0.0223855
         364     1.05273     1.67517   0.0223896
         365     1.04507     1.67344   0.0223947
         366     1.12891     1.67195   0.0223829
         367     1.67286     1.67196   0.0223219
         368     1.33772     1.67105   0.0222797
         369     1.26809     1.66996   0.0222461
         370     1.17401     1.66861   0.0222263
         371     1.05212     1.66695   0.0222284
         372    0.851129     1.66476   0.0222766
         373    0.942266     1.66282   0.0223009
         374    0.736676     1.66035   0.0223784
         375    0.987949     1.65855   0.0223904
         376    0.957613     1.65669   0.0224083
         377    0.529291      1.6537   0.0225476
         378    0.605661     1.65093   0.0226577
         379    0.712585     1.64845   0.0227328
         380     1.26928     1.64745   0.0226949
         381     1.12582     1.64608   0.0226766
         382    0.895043     1.64412   0.0227023
         383    0.664801     1.64156   0.0227865
         384    0.602813     1.63886   0.0228872
         385    0.581133     1.63611   0.0229921
         386    0.475369      1.6331   0.0231283
         387    0.637961     1.63053    0.023211
         388    0.819158     1.62844   0.0232452
         389    0.741153     1.62616   0.0232971
         390    0.853445     1.62418   0.0233215
         391     1.01754     1.62262   0.0233134
         392     1.49466      1.6223   0.0232562
         393     1.75196     1.62263   0.0231994
         394     1.79618     1.62307   0.0231447
         395     1.58842     1.62298   0.0230862
         396     1.31257      1.6222   0.0230412
         397     1.18086     1.62109     0.02301
         398     1.03903     1.61962   0.0229986
         399    0.513601     1.61685   0.0231074
         400    0.656475     1.61445   0.0231741
         401    0.534491     1.61176   0.0232722
         402    0.662874      1.6094   0.0233337
         403    0.599108     1.60689   0.0234101
         404    0.911056     1.60517   0.0234154
         405    0.984037     1.60363   0.0234078
         406     1.17393     1.60258   0.0233741
         407     1.15537     1.60148   0.0233424
         408     1.17218     1.60042   0.0233089
         409    0.918505     1.59876   0.0233115
         410    0.739521     1.59666   0.0233486
         411    0.529915     1.59407   0.0234357
         412    0.461128     1.59132   0.0235395
         413    0.499245     1.58867   0.0236306
         414    0.721129     1.58658   0.0236663
         415    0.960605     1.58507   0.0236572
         416    0.789996     1.58316   0.0236775
         417     1.12049     1.58205   0.0236467
         418     1.10053      1.5809   0.0236181
         419     1.35783     1.58036   0.0235678
         420     1.05651     1.57912   0.0235446
         421     1.44709      1.5788   0.0234908
         422     1.08859     1.57764   0.0234638
         423     1.32518     1.57704   0.0234159
         424     1.37579     1.57657   0.0233655
         425    0.804697     1.57475    0.023381
         426    0.999948      1.5734    0.023365
         427     1.02142     1.57211   0.0233461
         428    0.959022     1.57068   0.0233354
         429    0.928484     1.56918    0.023329
         430    0.963758     1.56777   0.0233172
         431     1.04631     1.56656   0.0232945
         432     1.08105     1.56544   0.0232676
         433     1.06108     1.56427    0.023243
         434     1.09385     1.56319   0.0232147
         435    0.994718     1.56188   0.0231981
         436     1.35085      1.5614     0.02315
         437    0.884055     1.55985   0.0231488
         438     1.14576      1.5589   0.0231153
         439     1.46609     1.55869   0.0230636
         440     1.48822     1.55853   0.0230117
         441     1.26396     1.55786   0.0229692
         442      1.1218     1.55688   0.0229384
         443    0.909084     1.55542   0.0229332
         444    0.982569     1.55413   0.0229178
         445      1.0106      1.5529   0.0228989
         446    0.677489     1.55094   0.0229315
         447     0.62537     1.54887   0.0229735
         448    0.770845     1.54713   0.0229877
         449    0.924429     1.54575   0.0229783
         450    0.949479     1.54442   0.0229655
         451    0.954552     1.54311   0.0229517
         452    0.860746      1.5416   0.0229506
         453    0.615892     1.53956   0.0229907
         454     1.00021     1.53837   0.0229707
         455    0.890323     1.53695   0.0229644
         456    0.817088     1.53537   0.0229682
         457    0.684774     1.53351   0.0229932
         458      1.0025     1.53235   0.0229722
         459      1.1212     1.53145   0.0229396
         460     1.13063     1.53058   0.0229063
         461     1.10936     1.52967   0.0228748
         462     1.06935     1.52867    0.022847
         463    0.875574     1.52726   0.0228412
         464    0.540527     1.52514   0.0228907
         465    0.530423       1.523   0.0229412
         466    0.532221     1.52087   0.0229903
         467    0.337352     1.51834   0.0230804
         468    0.528827     1.51622   0.0231277
         469    0.293864     1.51362   0.0232248
         470    0.419885     1.51129   0.0232916
         471    0.943989     1.51008   0.0232733
         472      1.1879      1.5094    0.023234
         473     1.08104      1.5085   0.0232025
         474     1.24607     1.50794   0.0231602
         475     1.13904     1.50717   0.0231244
         476     1.40653     1.50695   0.0230768
         477     1.09402     1.50609   0.0230447
         478    0.984324       1.505   0.0230223
         479     1.26657      1.5045   0.0229796
         480     2.05818     1.50565   0.0229607
         481     1.72659     1.50611   0.0229175
         482     1.69434      1.5065   0.0228733
         483     1.63792     1.50677   0.0228276
         484     1.71005     1.50719   0.0227843
         485     1.68986     1.50757   0.0227404
         486     1.57123      1.5077    0.022694
         487     1.49343     1.50767   0.0226474
         488     1.37559      1.5074   0.0226026
         489     1.62641     1.50765   0.0225577
         490     1.38036     1.50739   0.0225132
         491       0.895     1.50614   0.0225018
         492     1.17471     1.50546   0.0224662
         493     1.23937     1.50492   0.0224271
         494    0.750121      1.5034   0.0224337
         495    0.358602     1.50108   0.0225073
         496    0.234799     1.49853   0.0226062
         497    0.650973     1.49683    0.022625
         498    0.910816     1.49565   0.0226101
         499     1.09008     1.49484   0.0225794
         500     1.21025     1.49427   0.0225414
         501     1.05527     1.49339   0.0225135
         502     1.25181     1.49291   0.0224738
         503     1.22747     1.49238   0.0224353
         504    0.991516     1.49139   0.0224128
         505    0.893864      1.4902   0.0223996
         506     1.03627     1.48931   0.0223733
         507     1.14575     1.48863   0.0223394
         508     1.15025     1.48796   0.0223054
         509    0.932862     1.48687   0.0222882
         510    0.828442     1.48558   0.0222818
         511     0.77979      1.4842    0.022281
         512    0.966004     1.48319   0.0222605
         513    0.980588     1.48221   0.0222386
         514     1.32575      1.4819   0.0221974
         515     1.60483     1.48214   0.0221556
         516     1.06316     1.48133   0.0221275
         517     1.26796     1.48092   0.0220886
         518     1.08945     1.48016   0.0220589
         519      1.3103     1.47984   0.0220188
         520      1.2436     1.47938   0.0219811
         521     1.68508     1.47978   0.0219425
         522     1.69932      1.4802   0.0219045
         523     1.39958     1.48004   0.0218632
         524     1.72419     1.48051   0.0218264
         525     1.41177     1.48038   0.0217852
         526     1.57135     1.48055   0.0217445
         527     1.11915     1.47987    0.021714
         528    0.933545     1.47883   0.0216975
         529     1.04923     1.47802   0.0216717
         530    0.855433     1.47684   0.0216626
         531     1.26393     1.47644   0.0216256
         532     1.21673     1.47595   0.0215904
         533    0.911374      1.4749   0.0215759
         534     1.16858     1.47432   0.0215431
         535     1.11916     1.47366   0.0215131
         536     1.36194     1.47345   0.0214739
         537     1.03721     1.47264   0.0214493
         538    0.683825     1.47117   0.0214595
         539    0.685475     1.46971   0.0214691
         540     0.55962     1.46803   0.0214954
         541    0.751448      1.4667   0.0214965
         542     1.28156     1.46636   0.0214595
         543     1.30215     1.46606   0.0214221
         544     1.82263     1.46671   0.0213928
         545      1.3782     1.46655   0.0213541
         546    0.844023     1.46541   0.0213454
         547     1.06437     1.46468    0.021319
         548     1.38722     1.46454   0.0212806
         549     1.23002     1.46411   0.0212461
         550     0.98586     1.46324   0.0212253
         551    0.934355     1.46228   0.0212084
         552     1.59067     1.46251   0.0211713
         553     1.45678      1.4625    0.021133
         554     1.77202     1.46306   0.0211022
         555     1.62395     1.46335   0.0210662
         556     1.40151     1.46324   0.0210286
         557    0.885265      1.4622   0.0210164
         558    0.845112      1.4611   0.0210079
         559     1.07759     1.46041   0.0209815
         560     1.28762      1.4601   0.0209463
         561    0.990871     1.45927   0.0209256
         562    0.849374     1.45818   0.0209165
         563    0.832736     1.45707   0.0209088
         564    0.911872      1.4561   0.0208941
         565    0.884264     1.45509   0.0208816
         566    0.447474     1.45331   0.0209205
         567    0.567692     1.45175   0.0209418
         568    0.899562     1.45078   0.0209275
         569      1.3081     1.45053   0.0208922
         570    0.922691      1.4496   0.0208761
         571     1.11827     1.44902   0.0208476
         572      1.0787     1.44837   0.0208212
         573     1.00501      1.4476   0.0207992
         574     1.05521     1.44691   0.0207742
         575     0.96818     1.44608   0.0207548
         576    0.975368     1.44526   0.0207348
         577    0.684656     1.44395   0.0207407
         578     0.68477     1.44263   0.0207464
         579     1.01181     1.44189   0.0207239
         580    0.654047     1.44053   0.0207326
         581    0.633802     1.43914   0.0207434
         582     1.25359     1.43882   0.0207102
         583     1.04168     1.43814   0.0206859
         584     1.05645     1.43749   0.0206608
         585     1.11424     1.43694   0.0206329
         586     1.27095     1.43665   0.0205996
         587     1.35924     1.43652   0.0205649
         588     1.46072     1.43656     0.02053
         589     1.38762     1.43648   0.0204953
         590    0.979743      1.4357   0.0204752
         591     1.59613     1.43598   0.0204423
         592     1.18926     1.43556    0.020412
         593       1.665     1.43595   0.0203813
         594     1.49232     1.43604   0.0203472
         595     1.43263     1.43604    0.020313
         596      1.6241     1.43635   0.0202814
         597     1.47665     1.43642   0.0202475
         598     1.57364     1.43665    0.020215
         599     1.53785     1.43682   0.0201819
         600     1.53284     1.43698   0.0201489
         601     1.58692     1.43723   0.0201169
         602     1.57918     1.43746   0.0200849
         603     1.77419     1.43802   0.0200594
         604     1.69087     1.43844   0.0200305
         605     1.87208     1.43916   0.0200102
         606     1.70755      1.4396   0.0199821
         607     2.07608     1.44065   0.0199767
         608     1.97815     1.44153   0.0199634
         609     2.24789     1.44286   0.0199744
         610     2.40339     1.44443   0.0200037
         611     2.01325     1.44536   0.0199926
         612     1.93444     1.44616   0.0199759
         613     1.94985     1.44698   0.0199602
         614     2.00109     1.44788   0.0199481
         615     1.83744     1.44852   0.0199257
         616     2.07904     1.44954   0.0199196
         617     1.82568     1.45015   0.0198967
         618      2.1575      1.4513   0.0198974
         619     2.04328     1.45225   0.0198882
         620     1.79624     1.45281   0.0198638
         621     1.63008     1.45309   0.0198339
         622      1.5243     1.45321   0.0198023
         623     1.19238     1.45279    0.019775
         624    0.997995     1.45206   0.0197567
         625     1.25721     1.45175   0.0197276
         626     1.35008     1.45159   0.0196967
         627     1.36467     1.45145   0.0196658
         628     1.60851      1.4517   0.0196361
         629     1.63079     1.45198   0.0196069
         630     2.03343      1.4529   0.0195975
         631     1.57652      1.4531   0.0195674
         632     1.13595      1.4526   0.0195429
         633     1.33785     1.45242   0.0195129
         634     1.43228     1.45239   0.0194821
         635      1.3956      1.4523   0.0194516
         636    0.983549     1.45156    0.019435
         637    0.953135     1.45078   0.0194203
         638    0.920613     1.44995   0.0194076
         639    0.935935     1.44914   0.0193939
         640      1.0491     1.44852   0.0193736
         641     1.05787     1.44791    0.019353
         642     0.63552     1.44664   0.0193642
         643    0.872285     1.44575   0.0193547
         644      1.1546      1.4453   0.0193299
         645     1.16261     1.44486   0.0193049
         646      1.1647     1.44442   0.0192799
         647     1.21384     1.44407   0.0192534
         648     1.04794     1.44346   0.0192334
         649     1.45098     1.44347   0.0192037
         650     1.65416     1.44379   0.0191769
         651     1.09748     1.44326   0.0191548
         652    0.911368     1.44244   0.0191428
         653     1.49335     1.44252   0.0191137
         654     1.14792     1.44207   0.0190897
         655     1.47606     1.44212   0.0190607
         656     1.59962     1.44236   0.0190331
         657      1.8139     1.44293   0.0190126
         658     1.56129     1.44311   0.0189845
         659    0.999351     1.44244   0.0189676
         660     1.28403      1.4422   0.0189404
         661    0.797157     1.44122   0.0189369
         662    0.612603     1.43997   0.0189496
         663    0.627477     1.43874   0.0189606
         664    0.832673     1.43783    0.018954
         665     1.29989     1.43762   0.0189266
         666     1.44507     1.43763   0.0188982
         667     1.69674     1.43802   0.0188739
         668     1.46875     1.43807   0.0188457
         669      1.6376     1.43837   0.0188199
         670    0.783278     1.43739   0.0188172
         671    0.762042     1.43638    0.018816
         672     1.14998     1.43596   0.0187929
         673    0.817964     1.43504   0.0187873
         674    0.786206     1.43408   0.0187841
         675     1.13191     1.43363   0.0187616
         676     1.14262      1.4332   0.0187388
         677     1.14944     1.43278   0.0187158
         678     1.12941     1.43233   0.0186936
         679     0.84314     1.43146   0.0186862
         680    0.709198      1.4304   0.0186888
         681    0.962378     1.42971    0.018674
         682    0.872974      1.4289   0.0186645
         683     1.01118     1.42829   0.0186472
         684     1.11371     1.42783   0.0186256
         685     1.14377     1.42741    0.018603
         686     1.08177     1.42691   0.0185827
         687    0.984485     1.42626   0.0185668
         688     1.17324      1.4259   0.0185435
         689     1.21901      1.4256    0.018519
         690     1.70767       1.426   0.0184967
         691     1.63171      1.4263   0.0184723
         692     1.43327     1.42631   0.0184456
         693     1.49662     1.42641   0.0184193
         694     1.92453     1.42713   0.0184067
         695     1.52819     1.42728   0.0183808
         696     1.71583     1.42769   0.0183591
         697      1.4748     1.42776   0.0183328
         698     1.32171     1.42761   0.0183072
         699     1.02614     1.42703     0.01829
         700    0.935026     1.42633   0.0182774
         701    0.716246     1.42532   0.0182794
         702    0.708837      1.4243   0.0182818
         703     1.20785     1.42399   0.0182584
         704    0.831177     1.42315   0.0182519
         705    0.840058     1.42232   0.0182447
         706      1.0926     1.42185   0.0182248
         707     1.14668     1.42146   0.0182032
         708     1.40436     1.42144   0.0181775
         709     1.44683     1.42147   0.0181519
         710     1.23869     1.42122   0.0181282
         711     1.57377     1.42143   0.0181039
         712     1.29073     1.42125   0.0180795
         713    0.905763     1.42052   0.0180685
         714    0.862123     1.41974   0.0180602
         715    0.916875     1.41904   0.0180486
         716    0.941659     1.41837   0.0180357
         717     1.52369     1.41852   0.0180111
         718     1.26778     1.41831   0.0179873
         719    0.814542     1.41747   0.0179818
         720     1.22616      1.4172   0.0179588
         721     1.53825     1.41737   0.0179347
         722      1.6711     1.41772   0.0179133
         723     1.50179     1.41784   0.0178889
         724     1.83303     1.41841   0.0178734
         725     1.77203      1.4189   0.0178554
         726     1.60201     1.41915   0.0178326
         727     1.46127     1.41921   0.0178081
         728     1.63546     1.41951   0.0177862
         729     1.40025     1.41948   0.0177618
         730     1.43753     1.41951   0.0177375
         731     1.55573     1.41969   0.0177142
         732     1.55871     1.41988    0.017691
         733     1.52912     1.42003   0.0176675
         734     1.59237     1.42027    0.017645
         735     1.77243     1.42075   0.0176275
         736     1.95013     1.42146   0.0176182
         737     1.34931     1.42137   0.0175946
         738     1.27945     1.42117   0.0175718
         739     1.11749     1.42076   0.0175528
         740     1.39195     1.42072   0.0175291
         741     1.42247     1.42073   0.0175055
         742     1.05555     1.42023   0.0174888
         743     1.08106     1.41978   0.0174712
         744      1.3223     1.41965   0.0174482
         745       1.422     1.41965   0.0174248
         746     1.28566     1.41947   0.0174024
         747    0.833003     1.41869   0.0173968
         748    0.896905     1.41799   0.0173875
         749    0.989286     1.41742   0.0173737
         750     1.02548     1.41689   0.0173584
         751     1.45196     1.41694   0.0173353
         752     1.78946     1.41744   0.0173194
         753     1.66372     1.41776   0.0172995
         754      1.3324     1.41765   0.0172769
         755     1.11316     1.41725   0.0172587
         756      1.6294     1.41753   0.0172382
         757     1.42147     1.41753   0.0172154
         758     1.67502     1.41787    0.017196
         759     1.64225     1.41817   0.0171759
         760     1.78944     1.41866   0.0171603
         761     1.42501     1.41866   0.0171377
         762      1.1546     1.41832   0.0171187
         763     1.16923     1.41799   0.0170994
         764    0.975847     1.41741   0.0170868
         765     1.14058     1.41705   0.0170683
         766     1.39619     1.41702    0.017046
         767     1.43339     1.41704   0.0170238
         768     1.43694     1.41707   0.0170017
         769      1.4097     1.41706   0.0169796
         770      1.2989     1.41691   0.0169582
         771     1.23847     1.41668   0.0169378
         772    0.947935     1.41607   0.0169267
         773    0.990123     1.41552   0.0169138
         774    0.841539     1.41478   0.0169082
         775     1.05317     1.41431   0.0168928
         776    0.700303     1.41339   0.0168961
         777     1.18372     1.41309   0.0168769
         778     2.37827     1.41433   0.0169008
         779     2.08985      1.4152   0.0169013
         780      1.3895     1.41517   0.0168797
         781      1.2852       1.415   0.0168589
         782     1.54808     1.41517   0.0168382
         783     1.59589      1.4154   0.0168183
         784     1.43385     1.41543   0.0167968
         785     1.96765     1.41613   0.0167902
         786     1.63332     1.41641   0.0167711
         787     1.52753     1.41655   0.0167504
         788     1.58809     1.41677   0.0167305
         789     1.18501     1.41647   0.0167119
         790     1.47416     1.41654   0.0166909
         791     1.00816     1.41603   0.0166778
         792     1.13849     1.41568   0.0166604
         793      0.9094     1.41504   0.0166516
         794    0.620432     1.41404   0.0166607
         795     1.01025     1.41353   0.0166475
         796     1.39887     1.41351   0.0166266
         797     1.50353     1.41363   0.0166061
         798     1.93964     1.41428   0.0165984
         799     1.52595     1.41442   0.0165782
         800     1.42451     1.41444   0.0165575
         801     1.90116     1.41504   0.0165479
         802     1.71079     1.41541   0.0165314
         803     1.63023     1.41568    0.016513
         804     1.16292     1.41537   0.0164954
         805     1.53521     1.41552   0.0164756
         806     1.99641     1.41624   0.0164709
         807     1.85462     1.41678   0.0164595
         808     1.32586     1.41667   0.0164395
         809     1.12337      1.4163   0.0164232
         810     1.50908     1.41642   0.0164033
         811     1.74279     1.41682    0.016388
         812     2.20236     1.41779   0.0163963
         813     2.03007     1.41854   0.0163935
         814     1.89983     1.41913    0.016384
         815     1.67727     1.41945   0.0163669
         816     1.54068      1.4196   0.0163476
         817     1.40012     1.41957   0.0163276
         818     1.47257     1.41964   0.0163077
         819     2.08051     1.42045   0.0163078
         820     2.05512     1.42122   0.0163062
         821     1.98666     1.42191   0.0163009
         822     2.03108     1.42265   0.0162979
         823     1.89903     1.42323   0.0162884
         824     1.81429      1.4237   0.0162755
         825     1.33405     1.42359   0.0162562
         826     1.48406     1.42367   0.0162367
         827     1.33315     1.42356   0.0162174
         828     1.02825     1.42308   0.0162048
         829     1.40913     1.42306   0.0161853
         830     1.41895     1.42306   0.0161658
         831      1.2327     1.42283    0.016148
         832     1.25736     1.42263   0.0161298
         833     1.11458     1.42226   0.0161147
         834      1.4185     1.42226   0.0160953
         835     1.51865     1.42237   0.0160765
         836     1.61148      1.4226   0.0160588
         837     1.23127     1.42237   0.0160413
         838     1.18834     1.42209   0.0160246
         839     1.16082     1.42178   0.0160085
         840     1.25376     1.42158   0.0159907
         841     1.53635     1.42172   0.0159723
         842     2.00229     1.42241   0.0159682
         843     1.97219     1.42306   0.0159625
         844      1.8121     1.42352   0.0159503
         845      1.7338     1.42389   0.0159356
         846     2.25742     1.42487   0.0159472
         847     1.95179     1.42549   0.0159405
         848     2.04129     1.42622   0.0159383
         849     1.95954     1.42685   0.0159319
         850     2.18198     1.42774   0.0159379
         851     2.01597     1.42843   0.0159341
         852     1.95356     1.42904   0.0159273
         853     1.65304     1.42931   0.0159108
         854     1.70628     1.42963   0.0158955
         855     1.91659      1.4302   0.0158871
         856     2.31531     1.43123   0.0159022
         857     1.58456     1.43141   0.0158846
         858     1.72679     1.43176   0.0158698
         859     1.02064     1.43128   0.0158586
         860     1.61574     1.43149   0.0158416
         861     1.53362     1.43161   0.0158236
         862     1.69412     1.43192   0.0158082
         863     1.59668     1.43211    0.015791
         864     1.94788      1.4327    0.015784
         865     2.12833     1.43351   0.0157863
         866     2.07011     1.43424   0.0157851
         867     1.81107     1.43468   0.0157729
         868     1.71029       1.435   0.0157579
         869     1.74872     1.43536   0.0157439
         870     1.51535     1.43545   0.0157261
         871     1.44382     1.43546   0.0157081
         872     1.92436     1.43602      0.0157
         873     2.28294     1.43699    0.015712
         874     1.78129     1.43738    0.015699
         875     1.31616     1.43724   0.0156816
         876     1.31079      1.4371   0.0156644
         877     1.81036     1.43753   0.0156523
         878      1.5686     1.43767   0.0156352
         879     1.55769     1.43781    0.015618
         880     1.67804     1.43808   0.0156027
         881     1.31183     1.43794   0.0155856
         882     1.46802     1.43797    0.015568
         883     1.70473     1.43828   0.0155533
         884     2.15544     1.43909   0.0155568
         885     2.08259     1.43982   0.0155562
         886     2.15448     1.44062   0.0155596
         887     1.77467       1.441   0.0155466
         888     1.61328     1.44119   0.0155303
         889     1.53259      1.4413   0.0155132
         890     1.54502     1.44141   0.0154962
         891     2.19352     1.44226   0.0155017
         892     2.15401     1.44305   0.0155049
         893     2.08331     1.44377   0.0155041
         894     1.66585     1.44402   0.0154887
         895     1.62611     1.44422   0.0154728
         896     1.80279     1.44462   0.0154607
         897     2.36322     1.44565   0.0154773
         898     1.98863     1.44625   0.0154719
         899     2.04191     1.44691   0.0154689
         900     1.71878     1.44722   0.0154546
         901     1.63534     1.44743   0.0154389
         902     1.30416     1.44727   0.0154226
         903     1.18677     1.44698   0.0154082
         904     1.13443     1.44663    0.015395
         905     1.02502     1.44617   0.0153851
         906     1.23474     1.44593   0.0153699
         907     1.15533     1.44561   0.0153562
         908      1.0788     1.44521   0.0153446
         909    0.830899     1.44453   0.0153426
         910     1.06536     1.44412   0.0153314
         911    0.989079     1.44362   0.0153227
         912     1.07593     1.44321   0.0153112
         913     1.09866     1.44284   0.0152991
         914     1.03776     1.44239   0.0152888
         915     1.33713     1.44228   0.0152725
         916     1.41992     1.44225   0.0152559
         917     1.63275     1.44246   0.0152407
         918     1.72335     1.44277   0.0152271
         919      1.7193     1.44307   0.0152135
         920     1.37182     1.44299   0.0151972
         921      1.1124     1.44263   0.0151849
         922     1.54926     1.44275   0.0151689
         923     1.56818     1.44288   0.0151531
         924      2.0043     1.44349   0.0151488
         925     1.98281     1.44407   0.0151437
         926     2.36335     1.44507   0.0151598
         927     1.83016     1.44548   0.0151492
         928     1.54536     1.44559   0.0151332
         929     1.30687     1.44544   0.0151177
         930     1.36193     1.44535   0.0151017
         931     1.36828     1.44527   0.0150857
         932     1.80015     1.44565   0.0150743
         933     1.62265     1.44584   0.0150594
         934     1.90906     1.44633   0.0150514
         935     1.81634     1.44673   0.0150405
         936     1.57428     1.44687    0.015025
         937     1.30299     1.44671   0.0150098
         938     1.45071     1.44672   0.0149938
         939     1.74337     1.44703   0.0149812
         940     1.69811      1.4473   0.0149676
         941     1.97376     1.44786   0.0149621
         942     1.84096     1.44828   0.0149521
         943     1.38017      1.4482   0.0149364
         944     1.19837     1.44794   0.0149229
         945      1.2841     1.44777   0.0149081
         946     1.11888     1.44742   0.0148964
         947    0.948104     1.44689     0.01489
         948    0.948883     1.44637   0.0148836
         949     1.06915     1.44597   0.0148732
         950     1.03991     1.44554   0.0148637
         951      1.1335     1.44521   0.0148517
         952    0.985989     1.44473   0.0148439
         953     1.69284     1.44499   0.0148306
         954     1.51382     1.44506   0.0148152
         955     1.83254     1.44547   0.0148053
         956     2.04594      1.4461   0.0148031
         957     1.33408     1.44598   0.0147881
         958     1.48801     1.44602   0.0147727
         959     1.33089      1.4459   0.0147578
         960     1.59021     1.44605   0.0147432
         961     1.74968     1.44637   0.0147313
         962     1.72097     1.44666   0.0147187
         963     1.73726     1.44696   0.0147065
         964     1.75953     1.44728   0.0146948
         965     1.91778     1.44777   0.0146877
         966     1.56134     1.44789    0.014673
         967     1.09556     1.44752   0.0146623
         968     1.40634     1.44748   0.0146472
         969     1.39229     1.44742   0.0146322
         970     1.15084     1.44712   0.0146203
         971     1.04757     1.44671   0.0146111
         972     1.15453     1.44641   0.0145991
         973     1.27992     1.44623   0.0145851
         974     1.18335     1.44596   0.0145726
         975     1.31796     1.44583   0.0145583
         976    0.891475     1.44526   0.0145545
         977     1.00457     1.44481   0.0145465
         978    0.798615     1.44415   0.0145467
         979     1.37527     1.44408    0.014532
         980     1.51395     1.44415   0.0145173
         981     1.60204     1.44431   0.0145034
         982     1.39259     1.44426   0.0144887
         983      1.2148     1.44403   0.0144759
         984      1.5091     1.44409   0.0144613
         985     1.54374      1.4442    0.014447
         986     1.45898     1.44421   0.0144324
         987     1.68089     1.44445   0.0144197
         988     2.06112     1.44508   0.0144186
         989     2.29086     1.44593   0.0144294
         990     1.63155     1.44612    0.014416
         991     1.47176     1.44614   0.0144015
         992     1.66151     1.44636   0.0143886
         993     2.07176     1.44699   0.0143879
         994     1.87683     1.44742   0.0143799
         995     2.06138     1.44804   0.0143787
         996     1.80711      1.4484   0.0143688
         997     1.69643     1.44865   0.0143565
         998     1.48929     1.44869   0.0143422
         999       1.446     1.44869   0.0143279
        1000     1.63361     1.44887   0.0143147
