           1    -5.52779    -5.52779           0
           2     -5.4364    -5.48209   0.0323117
           3    -5.52522    -5.49647   0.0245319
           4    -5.54867    -5.50952   0.0215934
           5    -5.55096    -5.51781   0.0187978
           6    -5.45556    -5.50743   0.0183055
           7    -5.45661    -5.50017   0.0170697
           8     -5.3145    -5.47696   0.0263517
           9    -5.29437    -5.45667   0.0302414
          10     -5.4011    -5.45112   0.0277232
          11    -5.40056    -5.44652    0.025581
          12    -5.39229      -5.442   0.0238452
          13    -5.50638    -5.44695   0.0225193
          14    -5.53286    -5.45309   0.0217307
          15    -5.58331    -5.46177   0.0219475
          16    -5.50704     -5.4646   0.0207574
          17    -5.45874    -5.46426   0.0195392
          18    -5.44457    -5.46316   0.0184843
          19    -5.39644    -5.45965   0.0178419
          20    -5.38288    -5.45581   0.0173578
          21    -5.50334    -5.45808   0.0166781
          22     -5.4272    -5.45667    0.015979
          23    -5.52066    -5.45945   0.0155245
          24    -5.55527    -5.46345   0.0153825
          25    -5.48789    -5.46442   0.0147982
          26    -5.41976    -5.46271   0.0143284
          27    -5.40562    -5.46059   0.0139528
          28    -5.38225    -5.45779   0.0137322
          29     -5.4087     -5.4561   0.0133626
          30    -5.47383    -5.45669   0.0129302
          31    -5.59807    -5.46125   0.0132931
          32    -5.51195    -5.46284   0.0129717
          33    -5.57405    -5.46621   0.0130091
          34    -5.58674    -5.46975   0.0131006
          35    -5.56548    -5.47249   0.0130087
          36    -5.49701    -5.47317   0.0126651
          37    -5.60683    -5.47678   0.0128277
          38     -5.5473    -5.47864   0.0126236
          39    -5.52339    -5.47978    0.012352
          40    -5.58493    -5.48241   0.0123197
          41    -5.58679    -5.48496   0.0122794
          42      -5.559    -5.48672    0.012113
          43    -5.54685    -5.48812   0.0119117
          44    -5.52258     -5.4889   0.0116667
          45    -5.47852    -5.48867   0.0114097
          46    -5.51144    -5.48917   0.0111724
          47    -5.51064    -5.48962   0.0109441
          48    -5.49776    -5.48979   0.0107174
          49    -5.48864    -5.48977   0.0104987
          50     -5.5392    -5.49076   0.0103351
          51    -5.39025    -5.48879   0.0103187
          52    -5.47345    -5.48849   0.0101244
          53    -5.51287    -5.48895  0.00994386
          54    -5.50427    -5.48924  0.00976376
          55    -5.46709    -5.48883  0.00959454
          56    -5.41425     -5.4875   0.0095152
          57    -5.39587    -5.48589   0.0094831
          58    -5.39217    -5.48428  0.00945628
          59    -5.42816    -5.48333  0.00934371
          60    -5.40495    -5.48202  0.00927884
          61    -5.46219     -5.4817  0.00913242
          62    -5.38626    -5.48016  0.00911394
          63    -5.40498    -5.47896  0.00904705
          64    -5.46819    -5.47879  0.00890725
          65    -5.42074     -5.4779  0.00881489
          66    -5.37306    -5.47631  0.00882331
          67     -5.3642    -5.47464  0.00884888
          68    -5.35756    -5.47292  0.00888467
          69    -5.46683    -5.47283  0.00875634
          70    -5.51301     -5.4734  0.00865004
          71    -5.54948    -5.47448  0.00859432
          72    -5.48701    -5.47465  0.00847672
          73    -5.47695    -5.47468  0.00836066
          74    -5.42529    -5.47401  0.00827427
          75    -5.45352    -5.47374  0.00816846
          76    -5.47819     -5.4738  0.00806119
          77    -5.41536    -5.47304  0.00799215
          78    -5.43491    -5.47255  0.00790462
          79    -5.45019    -5.47227  0.00780963
          80     -5.5211    -5.47288  0.00773583
          81    -5.53213    -5.47361  0.00767483
          82    -5.59259    -5.47506  0.00771718
          83    -5.56778    -5.47618  0.00770463
          84    -5.50043    -5.47647  0.00761832
          85    -5.44897    -5.47614  0.00753556
          86     -5.4893     -5.4763  0.00744949
          87    -5.47441    -5.47627   0.0073639
          88    -5.41274    -5.47555  0.00731552
          89    -5.29569    -5.47353  0.00750728
          90    -5.27623    -5.47134  0.00773733
          91    -5.30869    -5.46955  0.00785603
          92    -5.40341    -5.46883  0.00780347
          93    -5.48687    -5.46903  0.00772197
          94    -5.42131    -5.46852  0.00765649
          95     -5.3665    -5.46745  0.00765084
          96    -5.48703    -5.46765  0.00757386
          97    -5.44261    -5.46739  0.00750018
          98    -5.54116    -5.46814  0.00746132
          99    -5.60424    -5.46952  0.00751153
         100    -5.52898    -5.47011  0.00745992
         101    -5.53741    -5.47078  0.00741575
         102    -5.52532    -5.47131   0.0073623
         103    -5.42066    -5.47082  0.00730722
         104    -5.34183    -5.46958  0.00734148
         105    -5.42611    -5.46917  0.00728322
         106    -5.34785    -5.46802  0.00730389
         107    -5.32611     -5.4667  0.00735507
         108    -5.41794    -5.46625  0.00730081
         109     -5.4167    -5.46579  0.00724797
         110     -5.3683    -5.46491  0.00723607
         111    -5.31101    -5.46352  0.00730249
         112    -5.38247    -5.46279  0.00727305
         113    -5.46901    -5.46285   0.0072089
         114    -5.41895    -5.46246  0.00715594
         115    -5.43564    -5.46223  0.00709751
         116    -5.42128    -5.46188   0.0070451
         117    -5.42174    -5.46154  0.00699323
         118    -5.41929    -5.46118  0.00694313
         119     -5.4288    -5.46091  0.00689011
         120    -5.38245    -5.46025  0.00686364
         121    -5.29562    -5.45889  0.00694046
         122    -5.36377    -5.45811  0.00692723
         123    -5.33181    -5.45708   0.0069466
         124    -5.20325    -5.45504  0.00718587
         125    -5.29895    -5.45379  0.00723606
         126    -5.30535    -5.45261   0.0072739
         127    -5.41695    -5.45233  0.00722204
         128    -5.42543    -5.45212  0.00716867
         129    -5.42514    -5.45191  0.00711615
         130     -5.4506     -5.4519  0.00706142
         131    -5.47235    -5.45206  0.00700924
         132    -5.28867    -5.45082  0.00706458
         133    -5.38254    -5.45031   0.0070301
         134    -5.51198    -5.45077  0.00699268
         135    -5.47862    -5.45097  0.00694393
         136     -5.4076    -5.45065  0.00690019
         137    -5.43574    -5.45054  0.00685068
         138    -5.48724    -5.45081   0.0068062
         139    -5.50947    -5.45123   0.0067703
         140     -5.4329     -5.4511  0.00672321
         141    -5.44501    -5.45106  0.00667567
         142    -5.46227    -5.45114  0.00662912
         143    -5.41452    -5.45088  0.00658771
         144    -5.48141    -5.45109  0.00654537
         145     -5.3188    -5.45018  0.00656351
         146    -5.38576    -5.44974  0.00653338
         147    -5.34052      -5.449  0.00653104
         148    -5.36232    -5.44841  0.00651312
         149    -5.40556    -5.44812  0.00647575
         150    -5.25075    -5.44681  0.00656489
         151    -5.23457     -5.4454  0.00667019
         152    -5.27384    -5.44427  0.00672112
         153    -5.31666    -5.44344  0.00672875
         154    -5.28117    -5.44239  0.00676706
         155    -5.35175     -5.4418  0.00674861
         156    -5.32359    -5.44104  0.00674776
         157    -5.21542    -5.43961   0.0068561
         158     -5.3737    -5.43919  0.00682538
         159    -5.25899    -5.43806   0.0068759
         160    -5.32478    -5.43735  0.00686928
         161    -5.40215    -5.43713  0.00683009
         162    -5.42934    -5.43708   0.0067881
         163    -5.28945    -5.43617  0.00680661
         164    -5.33556    -5.43556   0.0067927
         165    -5.26834    -5.43455  0.00682671
         166    -5.37828    -5.43421    0.006794
         167    -5.39032    -5.43395   0.0067584
         168    -5.39511    -5.43372  0.00672212
         169    -5.42896    -5.43369   0.0066824
         170    -5.39173    -5.43344  0.00664765
         171    -5.44118    -5.43349  0.00660893
         172    -5.35406    -5.43302  0.00658662
         173     -5.3434    -5.43251  0.00656889
         174    -5.25279    -5.43147  0.00661184
         175     -5.2512    -5.43044  0.00665382
         176     -5.1832    -5.42904  0.00676268
         177    -5.26581    -5.42812  0.00678706
         178     -5.4551    -5.42827  0.00675063
         179    -5.42936    -5.42827  0.00671292
         180    -5.31198    -5.42763  0.00670664
         181     -5.3112    -5.42698  0.00670036
         182    -5.39282     -5.4268  0.00666618
         183    -5.39151     -5.4266  0.00663254
         184    -5.34912    -5.42618  0.00660985
         185    -5.33748     -5.4257  0.00659148
         186     -5.3284    -5.42518  0.00657677
         187    -5.33071    -5.42467  0.00656097
         188    -5.33201    -5.42418  0.00654456
         189    -5.36258    -5.42386  0.00651805
         190    -5.21064    -5.42273  0.00657963
         191    -5.29574    -5.42207  0.00657869
         192    -5.27245    -5.42129  0.00659042
         193    -5.33822    -5.42086  0.00657031
         194    -5.29696    -5.42022  0.00656741
         195    -5.25927    -5.41939  0.00658539
         196    -5.36063     -5.4191  0.00655862
         197    -5.28478    -5.41841  0.00656067
         198    -5.40642    -5.41835  0.00652781
         199    -5.40069    -5.41826  0.00649561
         200    -5.28809    -5.41761  0.00649566
         201    -5.32139    -5.41713  0.00648096
         202    -5.33019     -5.4167  0.00646316
         203    -5.45838    -5.41691  0.00643458
         204    -5.46298    -5.41714    0.006407
         205    -5.40052    -5.41705  0.00637625
         206    -5.34181    -5.41669  0.00635576
         207    -5.42925    -5.41675  0.00632534
         208    -5.37716    -5.41656  0.00629779
         209    -5.41137    -5.41653  0.00626771
         210    -5.42029    -5.41655  0.00623789
         211    -5.39006    -5.41643  0.00620959
         212    -5.41265    -5.41641  0.00618032
         213    -5.37593    -5.41622  0.00615423
         214    -5.45211    -5.41639  0.00612776
         215    -5.43687    -5.41648      0.0061
         216    -5.43274    -5.41656  0.00607222
         217    -5.42563     -5.4166  0.00604438
         218    -5.31916    -5.41615  0.00603316
         219    -5.36448    -5.41592  0.00601022
         220    -5.40823    -5.41588    0.005983
         221    -5.43864    -5.41598  0.00595682
         222    -5.56823    -5.41667  0.00596933
         223    -5.57052    -5.41736   0.0059823
         224    -5.50239    -5.41774  0.00596763
         225    -5.51071    -5.41815  0.00595539
         226    -5.44423    -5.41827  0.00593016
         227    -5.44767     -5.4184  0.00590545
         228    -5.34442    -5.41807  0.00588845
         229    -5.37888     -5.4179  0.00586522
         230    -5.35443    -5.41763  0.00584621
         231     -5.4004    -5.41755  0.00582138
         232    -5.40513     -5.4175  0.00579653
         233    -5.43435    -5.41757  0.00577211
         234     -5.5102    -5.41797    0.005761
         235    -5.45037     -5.4181  0.00573813
         236    -5.45206    -5.41825  0.00571562
         237    -5.49577    -5.41857  0.00570086
         238    -5.49321    -5.41889  0.00568552
         239     -5.3516    -5.41861   0.0056687
         240     -5.3179    -5.41819  0.00566059
         241    -5.42475    -5.41821  0.00563717
         242    -5.42793    -5.41825  0.00561402
         243    -5.43672    -5.41833  0.00559143
         244    -5.45205    -5.41847  0.00557022
         245    -5.37327    -5.41828  0.00555054
         246    -5.38593    -5.41815  0.00552953
         247    -5.41017    -5.41812  0.00550724
         248    -5.45615    -5.41827  0.00548717
         249    -5.37763    -5.41811  0.00546756
         250    -5.49404    -5.41841  0.00545412
         251    -5.48161    -5.41867   0.0054382
         252    -5.45371    -5.41881  0.00541839
         253    -5.41202    -5.41878  0.00539704
         254    -5.44158    -5.41887  0.00537654
         255     -5.5171    -5.41925  0.00536924
         256    -5.41594    -5.41924  0.00534828
         257    -5.33326    -5.41891  0.00533793
         258    -5.34629    -5.41862  0.00532465
         259    -5.35373    -5.41837  0.00530999
         260    -5.39635    -5.41829  0.00529024
         261    -5.32989    -5.41795   0.0052808
         262    -5.40867    -5.41791  0.00526076
         263    -5.29698    -5.41746  0.00526082
         264    -5.39915    -5.41739  0.00524135
         265    -5.40395    -5.41734  0.00522181
         266    -5.43788    -5.41741  0.00520275
         267    -5.41817    -5.41742  0.00518327
         268    -5.40214    -5.41736  0.00516424
         269    -5.40581    -5.41732  0.00514522
         270    -5.40298    -5.41726  0.00512644
         271    -5.39117    -5.41717  0.00510843
         272    -5.42756     -5.4172  0.00508979
         273    -5.32082    -5.41685  0.00508338
         274    -5.32348    -5.41651  0.00507623
         275    -5.22716    -5.41582  0.00510426
         276    -5.38561    -5.41571  0.00508694
         277    -5.42348    -5.41574  0.00506865
         278    -5.41259    -5.41573  0.00505043
         279    -5.26982    -5.41521  0.00505933
         280    -5.36223    -5.41502   0.0050448
         281    -5.38654    -5.41492  0.00502786
         282    -5.43151    -5.41497  0.00501038
         283    -5.37131    -5.41482  0.00499505
         284    -5.38678    -5.41472  0.00497844
         285    -5.39104    -5.41464  0.00496166
         286    -5.33056    -5.41434  0.00495301
         287    -5.31085    -5.41398  0.00494887
         288     -5.1595     -5.4131  0.00500995
         289     -5.1741    -5.41227  0.00506041
         290    -5.20656    -5.41156  0.00509244
         291    -5.19195    -5.41081  0.00513055
         292     -5.3222    -5.41051  0.00512195
         293    -5.33687    -5.41025  0.00511063
         294    -5.36984    -5.41012   0.0050951
         295     -5.3678    -5.40997  0.00507984
         296    -5.33408    -5.40972  0.00506915
         297    -5.47425    -5.40993  0.00505674
         298    -5.44258    -5.41004  0.00504095
         299    -5.27941    -5.40961  0.00504299
         300    -5.34595    -5.40939  0.00503065
         301    -5.48242    -5.40964  0.00501978
         302    -5.42576    -5.40969  0.00500344
         303    -5.47613    -5.40991  0.00499173
         304    -5.39943    -5.40988  0.00497543
         305    -5.46609    -5.41006  0.00496253
         306    -5.44385    -5.41017  0.00494754
         307     -5.3693    -5.41004  0.00493321
         308    -5.36848     -5.4099  0.00491904
         309     -5.3576    -5.40973  0.00490603
         310    -5.32504    -5.40946  0.00489781
         311    -5.37656    -5.40935   0.0048832
         312    -5.37651    -5.40925  0.00486869
         313    -5.38532    -5.40917  0.00485373
         314    -5.26113     -5.4087  0.00486112
         315    -5.27498    -5.40828  0.00486419
         316     -5.3139    -5.40798  0.00485795
         317    -5.26657    -5.40753  0.00486307
         318    -5.34897    -5.40735  0.00485126
         319    -5.41521    -5.40737  0.00483611
         320     -5.4653    -5.40755  0.00482439
         321    -5.44218    -5.40766  0.00481057
         322    -5.40911    -5.40767  0.00479563
         323    -5.32208     -5.4074   0.0047881
         324    -5.27536    -5.40699  0.00479063
         325    -5.20747    -5.40638  0.00481506
         326    -5.29675    -5.40604  0.00481202
         327     -5.3503    -5.40587  0.00480033
         328    -5.42092    -5.40592  0.00478591
         329    -5.30526    -5.40561  0.00478113
         330    -5.26308    -5.40518  0.00478612
         331    -5.36766    -5.40507    0.004773
         332    -5.46753    -5.40525  0.00476233
         333    -5.45863    -5.40542  0.00475072
         334    -5.46514    -5.40559  0.00473986
         335    -5.48145    -5.40582  0.00473112
         336    -5.44691    -5.40594  0.00471862
         337    -5.42891    -5.40601  0.00470511
         338    -5.40177      -5.406  0.00469121
         339     -5.4104    -5.40601  0.00467739
         340    -5.50297     -5.4063  0.00467232
         341    -5.55564    -5.40673  0.00467909
         342    -5.55089    -5.40716  0.00468436
         343    -5.52481     -5.4075  0.00468324
         344    -5.45566    -5.40764  0.00467172
         345     -5.5086    -5.40793  0.00466734
         346    -5.56971     -5.4084  0.00467721
         347    -5.49195    -5.40864  0.00466992
         348      -5.475    -5.40883   0.0046604
         349    -5.55097    -5.40924  0.00466481
         350     -5.5084    -5.40952  0.00466007
         351    -5.53251    -5.40987  0.00465995
         352    -5.47881    -5.41007  0.00465083
         353    -5.43415    -5.41014  0.00463815
         354    -5.46716     -5.4103  0.00462785
         355    -5.35986    -5.41015  0.00461699
         356    -5.43325    -5.41022  0.00460448
         357    -5.48287    -5.41042  0.00459607
         358    -5.44039    -5.41051    0.004584
         359    -5.51351    -5.41079   0.0045802
         360    -5.37852     -5.4107  0.00456835
         361    -5.51136    -5.41098   0.0045642
         362    -5.44809    -5.41109  0.00455274
         363    -5.53469    -5.41143  0.00455292
         364    -5.48129    -5.41162  0.00454445
         365    -5.50343    -5.41187  0.00453896
         366    -5.51374    -5.41215  0.00453508
         367     -5.3861    -5.41208  0.00452328
         368    -5.46818    -5.41223  0.00451356
         369    -5.46804    -5.41238  0.00450386
         370    -5.49197     -5.4126  0.00449682
         371    -5.50237    -5.41284  0.00449121
         372    -5.55204    -5.41321   0.0044947
         373    -5.50879    -5.41347  0.00448994
         374    -5.57138    -5.41389  0.00449775
         375     -5.5392    -5.41422  0.00449815
         376    -5.54953    -5.41458  0.00450056
         377    -5.64878    -5.41521  0.00453129
         378    -5.64384    -5.41581  0.00455949
         379     -5.6155    -5.41634  0.00457781
         380    -5.49752    -5.41655  0.00457074
         381    -5.52767    -5.41684  0.00456804
         382    -5.58498    -5.41728  0.00457724
         383    -5.63238    -5.41784  0.00459961
         384    -5.65361    -5.41846  0.00462843
         385    -5.63901    -5.41903  0.00465172
         386    -5.65294    -5.41964  0.00467898
         387    -5.61527    -5.42014  0.00469411
         388    -5.59251    -5.42059  0.00470299
         389    -5.60267    -5.42105  0.00471414
         390    -5.59252    -5.42149  0.00472251
         391    -5.55912    -5.42185  0.00472353
         392    -5.45695    -5.42194  0.00471233
         393    -5.40289    -5.42189  0.00470059
         394    -5.39254    -5.42181  0.00468925
         395    -5.43438    -5.42184  0.00467748
         396    -5.50698    -5.42206  0.00467061
         397    -5.55121    -5.42239  0.00467016
         398    -5.57378    -5.42277  0.00467389
         399     -5.7026    -5.42347  0.00471451
         400    -5.63243    -5.42399  0.00473158
         401    -5.64264    -5.42453  0.00475109
         402    -5.63986    -5.42507  0.00476937
         403    -5.65453    -5.42564   0.0047914
         404     -5.5796    -5.42602  0.00479467
         405    -5.53671    -5.42629  0.00479062
         406    -5.49174    -5.42646  0.00478153
         407    -5.51564    -5.42667   0.0047748
         408     -5.5111    -5.42688  0.00476758
         409    -5.54524    -5.42717  0.00476469
         410    -5.57488    -5.42753  0.00476667
         411    -5.62751    -5.42802  0.00477984
         412    -5.65051    -5.42856  0.00479865
         413    -5.63937    -5.42907  0.00481411
         414     -5.5788    -5.42943  0.00481604
         415    -5.53978     -5.4297  0.00481177
         416    -5.58054    -5.43006  0.00481385
         417    -5.51892    -5.43027  0.00480702
         418    -5.50141    -5.43044  0.00479853
         419    -5.45726    -5.43051  0.00478751
         420    -5.50974    -5.43069  0.00477983
         421     -5.4272    -5.43069  0.00476848
         422    -5.53723    -5.43094  0.00476386
         423    -5.47461    -5.43104  0.00475372
         424    -5.43585    -5.43105  0.00474252
         425    -5.56477    -5.43137  0.00474178
         426    -5.52907     -5.4316   0.0047362
         427    -5.53629    -5.43184  0.00473145
         428    -5.53483    -5.43208  0.00472651
         429    -5.53393    -5.43232  0.00472145
         430    -5.54242    -5.43258  0.00471741
         431    -5.54336    -5.43283  0.00471346
         432    -5.53964    -5.43308  0.00470903
         433     -5.5521    -5.43336  0.00470617
         434    -5.53988     -5.4336  0.00470172
         435     -5.5561    -5.43388  0.00469934
         436    -5.49174    -5.43402  0.00469043
         437      -5.583    -5.43436  0.00469207
         438    -5.52627    -5.43457  0.00468605
         439    -5.45658    -5.43462  0.00467565
         440    -5.43504    -5.43462  0.00466502
         441    -5.49269    -5.43475   0.0046563
         442    -5.51634    -5.43493  0.00464942
         443    -5.54797    -5.43519  0.00464592
         444    -5.54181    -5.43543  0.00464166
         445    -5.53739    -5.43566  0.00463688
         446    -5.61571    -5.43606  0.00464403
         447    -5.64418    -5.43653  0.00465692
         448    -5.62779    -5.43695  0.00466605
         449    -5.59117     -5.4373  0.00466828
         450    -5.58428    -5.43762  0.00466932
         451    -5.59373    -5.43797  0.00467178
         452    -5.61598    -5.43836  0.00467801
         453     -5.6642    -5.43886  0.00469418
         454    -5.60382    -5.43923  0.00469788
         455    -5.63259    -5.43965  0.00470673
         456     -5.6395    -5.44009  0.00471677
         457    -5.69372    -5.44064  0.00473899
         458    -5.60105    -5.44099  0.00474157
         459    -5.60295    -5.44135  0.00474435
         460     -5.6087    -5.44171  0.00474796
         461    -5.59514    -5.44204  0.00474932
         462    -5.56895    -5.44232  0.00474697
         463    -5.60594    -5.44267  0.00474986
         464     -5.6648    -5.44315  0.00476368
         465    -5.67114    -5.44364  0.00477861
         466    -5.67958    -5.44415   0.0047951
         467    -5.74812     -5.4448  0.00482881
         468    -5.71875    -5.44538  0.00485384
         469    -5.76402    -5.44606  0.00489081
         470    -5.70251    -5.44661  0.00491075
         471    -5.59241    -5.44692  0.00491007
         472    -5.54211    -5.44712   0.0049038
         473    -5.55022    -5.44734  0.00489828
         474    -5.52617     -5.4475  0.00489077
         475    -5.55973    -5.44774  0.00488617
         476    -5.48308    -5.44781  0.00487647
         477    -5.54173    -5.44801  0.00487022
         478    -5.59074    -5.44831  0.00486918
         479    -5.53823     -5.4485  0.00486263
         480    -5.34031    -5.44827  0.00485772
         481    -5.42192    -5.44822  0.00484793
         482    -5.41617    -5.44815  0.00483833
         483    -5.40328    -5.44806   0.0048292
         484    -5.37882    -5.44792  0.00482134
         485    -5.39766    -5.44781  0.00481252
         486    -5.43206    -5.44778  0.00480272
         487    -5.44734    -5.44778  0.00479286
         488    -5.47146    -5.44783  0.00478329
         489     -5.4194    -5.44777  0.00477386
         490    -5.50431    -5.44788  0.00476551
         491    -5.57916    -5.44815   0.0047633
         492    -5.50566    -5.44827  0.00475505
         493    -5.48691    -5.44835  0.00474605
         494    -5.59791    -5.44865  0.00474609
         495    -5.66153    -5.44908  0.00475595
         496    -5.68234    -5.44955  0.00476955
         497    -5.59806    -5.44985  0.00476931
         498    -5.52882    -5.45001  0.00476237
         499     -5.5031    -5.45011  0.00475401
         500    -5.47606    -5.45017  0.00474479
         501    -5.52675    -5.45032  0.00473778
         502    -5.46331    -5.45034  0.00472841
         503    -5.46402    -5.45037  0.00471909
         504    -5.51411     -5.4505  0.00471142
         505    -5.53264    -5.45066   0.0047049
         506    -5.50726    -5.45077  0.00469693
         507    -5.51178    -5.45089   0.0046892
         508    -5.50586      -5.451  0.00468122
         509    -5.55627    -5.45121  0.00467659
         510    -5.60441    -5.45151  0.00467706
         511    -5.61895    -5.45184  0.00467937
         512    -5.55141    -5.45203  0.00467427
         513    -5.55136    -5.45222  0.00466917
         514    -5.46167    -5.45224  0.00466012
         515    -5.40423    -5.45215    0.004652
         516    -5.53174     -5.4523  0.00464555
         517    -5.48411    -5.45236  0.00463697
         518    -5.52543    -5.45251  0.00463016
         519    -5.47667    -5.45255  0.00462147
         520    -5.50757    -5.45266   0.0046138
         521    -5.42714    -5.45261   0.0046052
         522    -5.43344    -5.45257  0.00459652
         523     -5.4846    -5.45263  0.00458814
         524    -5.40846    -5.45255  0.00458016
         525    -5.47091    -5.45258  0.00457157
         526    -5.41266    -5.45251  0.00456351
         527    -5.50358    -5.45261  0.00455588
         528    -5.55078    -5.45279  0.00455104
         529    -5.54301    -5.45296  0.00454564
         530    -5.59032    -5.45322  0.00454444
         531    -5.49432     -5.4533  0.00453654
         532    -5.47515    -5.45334   0.0045282
         533    -5.54246    -5.45351  0.00452279
         534    -5.49282    -5.45358  0.00451492
         535     -5.5076    -5.45368  0.00450761
         536    -5.45347    -5.45368   0.0044992
         537    -5.53688    -5.45384  0.00449349
         538    -5.61721    -5.45414  0.00449539
         539     -5.6141    -5.45444  0.00449683
         540    -5.64812    -5.45479  0.00450278
         541    -5.58903    -5.45504  0.00450129
         542    -5.47684    -5.45508  0.00449317
         543    -5.47031    -5.45511  0.00448498
         544    -5.36379    -5.45494  0.00447988
         545    -5.44889    -5.45493  0.00447167
         546    -5.58181    -5.45516  0.00446951
         547    -5.53028     -5.4553  0.00446345
         548    -5.47151    -5.45533   0.0044554
         549     -5.5204    -5.45545  0.00444887
         550    -5.55678    -5.45563  0.00444459
         551     -5.5692    -5.45584   0.0044413
         552    -5.40218    -5.45574  0.00443432
         553    -5.45039    -5.45573  0.00442631
         554    -5.38706    -5.45561  0.00442005
         555    -5.43107    -5.45557  0.00441231
         556    -5.47775    -5.45561  0.00440456
         557    -5.59684    -5.45586  0.00440394
         558    -5.59124     -5.4561  0.00440273
         559    -5.53242    -5.45624  0.00439697
         560    -5.50113    -5.45632  0.00438985
         561    -5.57764    -5.45653  0.00438735
         562    -5.61515    -5.45682  0.00438861
         563     -5.6175     -5.4571  0.00439008
         564     -5.5796    -5.45732  0.00438767
         565    -5.60091    -5.45757  0.00438726
         566    -5.68276    -5.45797  0.00439751
         567    -5.66955    -5.45834  0.00440555
         568     -5.5961    -5.45859  0.00440447
         569    -5.49539    -5.45865   0.0043972
         570    -5.57987    -5.45886  0.00439463
         571    -5.52531    -5.45898  0.00438847
         572    -5.51913    -5.45909  0.00438206
         573    -5.56282    -5.45927  0.00437815
         574    -5.55228    -5.45943  0.00437352
         575    -5.56815    -5.45962     0.00437
         576    -5.56362     -5.4598  0.00436614
         577    -5.60459    -5.46005  0.00436578
         578    -5.61063    -5.46031  0.00436599
         579    -5.54584    -5.46046  0.00436095
         580     -5.6302    -5.46075  0.00436324
         581    -5.65937    -5.46109   0.0043691
         582    -5.52547     -5.4612    0.004363
         583    -5.57651     -5.4614  0.00435999
         584    -5.57957     -5.4616  0.00435722
         585    -5.56222    -5.46177  0.00435317
         586    -5.52496    -5.46188  0.00434707
         587    -5.47791    -5.46191  0.00433975
         588    -5.45471     -5.4619  0.00433239
         589    -5.46805    -5.46191  0.00432505
         590    -5.55337    -5.46206  0.00432049
         591    -5.43736    -5.46202  0.00431338
         592    -5.53114    -5.46214  0.00430768
         593     -5.4369     -5.4621  0.00430062
         594    -5.45869    -5.46209  0.00429339
         595    -5.46257    -5.46209  0.00428617
         596    -5.41076      -5.462  0.00427985
         597    -5.44732    -5.46198  0.00427275
         598    -5.43827    -5.46194  0.00426579
         599    -5.44172    -5.46191   0.0042588
         600    -5.45364    -5.46189  0.00425172
         601    -5.43033    -5.46184  0.00424497
         602    -5.43047    -5.46179  0.00423824
         603     -5.3837    -5.46166  0.00423319
         604    -5.38969    -5.46154  0.00422786
         605     -5.3402    -5.46134  0.00422562
         606    -5.40272    -5.46124  0.00421976
         607      -5.306    -5.46099  0.00422055
         608    -5.32561    -5.46076  0.00421948
         609    -5.27759    -5.46046  0.00422326
         610    -5.24961    -5.46012  0.00423045
         611    -5.34148    -5.45992  0.00422798
         612    -5.36282    -5.45976  0.00422405
         613    -5.34591    -5.45958  0.00422124
         614    -5.32376    -5.45936  0.00422016
         615    -5.36075     -5.4592  0.00421634
         616    -5.31714    -5.45897   0.0042158
         617    -5.37179    -5.45883  0.00421133
         618    -5.31725     -5.4586  0.00421075
         619    -5.35478    -5.45843  0.00420728
         620    -5.42389    -5.45837  0.00420086
         621    -5.45697    -5.45837   0.0041941
         622    -5.49549    -5.45843  0.00418778
         623    -5.54401    -5.45857  0.00418331
         624    -5.57469    -5.45875  0.00418075
         625    -5.49341    -5.45881  0.00417442
         626    -5.46605    -5.45882  0.00416777
         627    -5.48743    -5.45887  0.00416137
         628    -5.45259    -5.45886  0.00415476
         629    -5.44455    -5.45883  0.00414822
         630    -5.34518    -5.45865  0.00414555
         631    -5.43241    -5.45861  0.00413919
         632    -5.53506    -5.45873  0.00413441
         633    -5.49702    -5.45879  0.00412832
         634    -5.48298    -5.45883  0.00412198
         635    -5.48906    -5.45888  0.00411577
         636    -5.57985    -5.45907  0.00411369
         637    -5.59391    -5.45928  0.00411267
         638    -5.60607    -5.45951  0.00411266
         639    -5.59047    -5.45972  0.00411133
         640    -5.54964    -5.45986   0.0041073
         641    -5.54636    -5.45999  0.00410311
         642    -5.65599     -5.4603  0.00410806
         643    -5.60657    -5.46052  0.00410797
         644    -5.54889    -5.46066  0.00410388
         645    -5.54062    -5.46079  0.00409939
         646    -5.54577    -5.46092  0.00409515
         647    -5.55304    -5.46106   0.0040913
         648    -5.59153    -5.46126  0.00408994
         649    -5.49496    -5.46131  0.00408396
         650    -5.42048    -5.46125  0.00407816
         651    -5.54773    -5.46138  0.00407406
         652    -5.58657    -5.46157  0.00407234
         653    -5.43927    -5.46154  0.00406624
         654    -5.51742    -5.46163  0.00406092
         655    -5.45599    -5.46162  0.00405473
         656    -5.42369    -5.46156  0.00404896
         657    -5.37966    -5.46143  0.00404472
         658    -5.43927     -5.4614  0.00403871
         659    -5.54329    -5.46153  0.00403449
         660    -5.48993    -5.46157  0.00402861
         661    -5.57528    -5.46174  0.00402619
         662    -5.62077    -5.46198  0.00402727
         663    -5.62385    -5.46222  0.00402859
         664    -5.58051     -5.4624  0.00402646
         665     -5.4835    -5.46243  0.00402053
         666    -5.45193    -5.46242  0.00401452
         667    -5.37542    -5.46229  0.00401062
         668    -5.42737    -5.46224  0.00400496
         669    -5.38936    -5.46213  0.00400045
         670     -5.5847    -5.46231  0.00399866
         671    -5.58781     -5.4625  0.00399707
         672       -5.51    -5.46257  0.00399175
         673    -5.59152    -5.46276  0.00399041
         674    -5.60711    -5.46297  0.00399024
         675    -5.53094    -5.46307   0.0039856
         676    -5.53422    -5.46318  0.00398109
         677     -5.5508    -5.46331  0.00397731
         678    -5.55458    -5.46344  0.00397372
         679    -5.59615    -5.46364  0.00397267
         680    -5.63183    -5.46389  0.00397452
         681    -5.58463    -5.46406  0.00397264
         682    -5.62084    -5.46429  0.00397346
         683    -5.56555    -5.46444  0.00397041
         684    -5.51854    -5.46452  0.00396539
         685    -5.51594     -5.4646  0.00396031
         686    -5.51063    -5.46466  0.00395511
         687     -5.5352    -5.46477  0.00395068
         688    -5.51103    -5.46483  0.00394551
         689    -5.51394     -5.4649  0.00394043
         690    -5.41339    -5.46483  0.00393543
         691    -5.42022    -5.46477  0.00393026
         692      -5.437    -5.46472  0.00392479
         693    -5.42261    -5.46466  0.00391959
         694    -5.31349    -5.46445  0.00391999
         695    -5.42614    -5.46439  0.00391474
         696    -5.39221    -5.46429  0.00391049
         697    -5.45282    -5.46427  0.00390491
         698    -5.48334     -5.4643  0.00389942
         699    -5.53447     -5.4644  0.00389513
         700    -5.56254    -5.46454  0.00389209
         701    -5.62134    -5.46476  0.00389296
         702    -5.64171    -5.46501  0.00389556
         703    -5.53989    -5.46512  0.00389148
         704    -5.60797    -5.46532  0.00389124
         705    -5.60195    -5.46552  0.00389054
         706    -5.52436     -5.4656  0.00388592
         707    -5.50889    -5.46566  0.00388091
         708    -5.45245    -5.46564  0.00387547
         709    -5.45408    -5.46563  0.00387004
         710    -5.50396    -5.46568  0.00386497
         711    -5.40618     -5.4656  0.00386044
         712    -5.48578    -5.46563  0.00385512
         713    -5.56159    -5.46576  0.00385206
         714     -5.5817    -5.46592  0.00385008
         715      -5.551    -5.46604  0.00384654
         716     -5.5482    -5.46616  0.00384288
         717    -5.41753    -5.46609  0.00383812
         718    -5.48713    -5.46612  0.00383288
         719    -5.57344    -5.46627  0.00383046
         720    -5.48067    -5.46629  0.00382519
         721    -5.39889    -5.46619  0.00382103
         722    -5.39749     -5.4661  0.00381692
         723    -5.43728    -5.46606  0.00381185
         724    -5.37965    -5.46594  0.00380845
         725    -5.38317    -5.46583  0.00380491
         726    -5.42989    -5.46578  0.00379999
         727    -5.46986    -5.46578  0.00379477
         728    -5.42902    -5.46573  0.00378989
         729    -5.45833    -5.46572   0.0037847
         730    -5.47307    -5.46573  0.00377953
         731    -5.45359    -5.46571   0.0037744
         732    -5.45984    -5.46571  0.00376925
         733    -5.46072     -5.4657  0.00376412
         734    -5.45497    -5.46569  0.00375902
         735    -5.39758    -5.46559  0.00375504
         736     -5.3531    -5.46544  0.00375305
         737    -5.48584    -5.46547  0.00374806
         738    -5.49179     -5.4655  0.00374315
         739    -5.52091    -5.46558  0.00373884
         740    -5.44719    -5.46555  0.00373387
         741    -5.44298    -5.46552  0.00372895
         742    -5.52245     -5.4656  0.00372472
         743    -5.51593    -5.46567  0.00372032
         744    -5.47189    -5.46568  0.00371533
         745    -5.42475    -5.46562  0.00371075
         746    -5.46923    -5.46563  0.00370578
         747    -5.56715    -5.46576  0.00370331
         748    -5.55027    -5.46587  0.00370008
         749    -5.51518    -5.46594  0.00369572
         750    -5.52498    -5.46602  0.00369163
         751    -5.43281    -5.46597  0.00368698
         752    -5.36716    -5.46584  0.00368442
         753    -5.38672    -5.46574  0.00368103
         754    -5.45378    -5.46572  0.00367618
         755    -5.50689    -5.46578  0.00367171
         756    -5.40702     -5.4657  0.00366768
         757    -5.46324     -5.4657  0.00366284
         758    -5.41916    -5.46563  0.00365852
         759    -5.41507    -5.46557   0.0036543
         760    -5.40693    -5.46549  0.00365031
         761    -5.48409    -5.46552   0.0036456
         762    -5.53915    -5.46561  0.00364209
         763    -5.52581    -5.46569  0.00363817
         764    -5.54737     -5.4658  0.00363498
         765    -5.49812    -5.46584  0.00363048
         766    -5.44278    -5.46581  0.00362586
         767     -5.4276    -5.46576  0.00362148
         768    -5.44505    -5.46573  0.00361686
         769    -5.44368     -5.4657  0.00361227
         770    -5.49027    -5.46574  0.00360772
         771    -5.51341     -5.4658  0.00360357
         772    -5.57657    -5.46594  0.00360176
         773    -5.56738    -5.46607  0.00359949
         774    -5.58584    -5.46623  0.00359816
         775     -5.5394    -5.46632  0.00359476
         776    -5.59159    -5.46648  0.00359375
         777    -5.50218    -5.46653  0.00358942
         778    -5.22855    -5.46622  0.00359782
         779    -5.30976    -5.46602   0.0035988
         780    -5.47479    -5.46603   0.0035942
         781    -5.49675    -5.46607  0.00358982
         782    -5.44019    -5.46604  0.00358538
         783    -5.44681    -5.46602  0.00358088
         784    -5.43891    -5.46598  0.00357648
         785    -5.32269     -5.4658  0.00357658
         786    -5.40252    -5.46572  0.00357294
         787    -5.42058    -5.46566  0.00356886
         788    -5.40866    -5.46559  0.00356506
         789    -5.49923    -5.46563   0.0035608
         790    -5.43928     -5.4656  0.00355645
         791    -5.55972    -5.46572  0.00355394
         792    -5.54514    -5.46582  0.00355087
         793    -5.59244    -5.46598  0.00354998
         794      -5.643     -5.4662   0.0035525
         795    -5.55069    -5.46631  0.00354962
         796    -5.44418    -5.46628  0.00354527
         797    -5.40184     -5.4662  0.00354175
         798    -5.31276      -5.466  0.00354252
         799    -5.41978    -5.46595  0.00353856
         800    -5.44203    -5.46592  0.00353426
         801    -5.33432    -5.46575  0.00353367
         802    -5.37008    -5.46563  0.00353127
         803    -5.38939    -5.46554  0.00352815
         804    -5.47527    -5.46555  0.00352379
         805    -5.41927    -5.46549  0.00351988
         806    -5.31825    -5.46531  0.00352025
         807    -5.37843     -5.4652  0.00351753
         808    -5.50419    -5.46525  0.00351351
         809    -5.54683    -5.46535  0.00351061
         810    -5.45776    -5.46534  0.00350629
         811    -5.43176     -5.4653  0.00350221
         812    -5.33867    -5.46514  0.00350137
         813    -5.38833    -5.46505  0.00349834
         814    -5.41652    -5.46499  0.00349455
         815    -5.42847    -5.46495  0.00349055
         816    -5.47725    -5.46496   0.0034863
         817    -5.49651      -5.465  0.00348225
         818    -5.48186    -5.46502  0.00347805
         819    -5.33341    -5.46486  0.00347752
         820    -5.34264    -5.46471  0.00347647
         821    -5.35119    -5.46457  0.00347498
         822    -5.34114    -5.46442    0.003474
         823    -5.36611     -5.4643  0.00347183
         824    -5.39962    -5.46422   0.0034685
         825    -5.52225    -5.46429  0.00346501
         826    -5.47502    -5.46431  0.00346084
         827    -5.51795    -5.46437  0.00345727
         828    -5.58953    -5.46452  0.00345639
         829    -5.50186    -5.46457  0.00345252
         830    -5.50686    -5.46462  0.00344873
         831    -5.53873    -5.46471  0.00344574
         832     -5.5291    -5.46479  0.00344246
         833    -5.55762     -5.4649  0.00344013
         834    -5.47045     -5.4649  0.00343602
         835    -5.47406    -5.46492  0.00343192
         836    -5.45639     -5.4649  0.00342783
         837    -5.53748    -5.46499  0.00342483
         838    -5.55058    -5.46509  0.00342227
         839    -5.54023    -5.46518  0.00341936
         840    -5.53202    -5.46526  0.00341621
         841    -5.45545    -5.46525  0.00341217
         842    -5.34333    -5.46511  0.00341119
         843     -5.3695    -5.46499  0.00340903
         844    -5.38412     -5.4649  0.00340633
         845    -5.40876    -5.46483  0.00340295
         846    -5.28684    -5.46462  0.00340543
         847    -5.34302    -5.46448  0.00340443
         848    -5.31923    -5.46431  0.00340472
         849    -5.32711    -5.46414  0.00340454
         850    -5.27934    -5.46393  0.00340747
         851    -5.32698    -5.46377  0.00340727
         852    -5.34024    -5.46362  0.00340635
         853    -5.42063    -5.46357  0.00340273
         854    -5.43008    -5.46353  0.00339897
         855    -5.36774    -5.46342  0.00339684
         856    -5.28054    -5.46321  0.00339959
         857    -5.44335    -5.46318   0.0033957
         858    -5.41451    -5.46313  0.00339222
         859    -5.58719    -5.46327  0.00339134
         860    -5.48014    -5.46329  0.00338745
         861    -5.49047    -5.46332  0.00338367
         862    -5.46996    -5.46333  0.00337975
         863    -5.48342    -5.46335  0.00337591
         864    -5.40269    -5.46328  0.00337274
         865    -5.36249    -5.46317  0.00337085
         866    -5.36503    -5.46305  0.00336886
         867    -5.39917    -5.46298  0.00336578
         868    -5.42645    -5.46294  0.00336217
         869    -5.41252    -5.46288   0.0033588
         870    -5.46819    -5.46288  0.00335494
         871    -5.45966    -5.46288  0.00335109
         872    -5.34867    -5.46275  0.00334981
         873    -5.28563    -5.46255  0.00335211
         874    -5.39585    -5.46247  0.00334914
         875    -5.51435    -5.46253  0.00334584
         876    -5.52661     -5.4626  0.00334282
         877    -5.42893    -5.46256  0.00333923
         878     -5.4942     -5.4626  0.00333562
         879    -5.50707    -5.46265  0.00333221
         880    -5.49442    -5.46269  0.00332862
         881    -5.56198     -5.4628  0.00332675
         882    -5.51009    -5.46285  0.00332341
         883    -5.45496    -5.46284  0.00331966
         884    -5.34853    -5.46272  0.00331842
         885    -5.38696    -5.46263  0.00331577
         886    -5.37567    -5.46253  0.00331348
         887    -5.44591    -5.46251   0.0033098
         888    -5.47655    -5.46253  0.00330611
         889    -5.49224    -5.46256  0.00330256
         890    -5.47308    -5.46257  0.00329887
         891    -5.33098    -5.46243  0.00329847
         892    -5.33977    -5.46229  0.00329764
         893    -5.32851    -5.46214  0.00329735
         894     -5.4129    -5.46208  0.00329412
         895    -5.42708    -5.46204  0.00329067
         896    -5.36363    -5.46193  0.00328883
         897    -5.26393    -5.46171  0.00329256
         898    -5.33949    -5.46158  0.00329171
         899    -5.33492    -5.46144  0.00329106
         900    -5.41872    -5.46139  0.00328775
         901    -5.41607    -5.46134  0.00328448
         902    -5.47011    -5.46135  0.00328086
         903    -5.50995     -5.4614  0.00327766
         904    -5.53216    -5.46148  0.00327497
         905    -5.54887    -5.46158  0.00327278
         906    -5.48461     -5.4616  0.00326926
         907    -5.49913    -5.46164  0.00326592
         908    -5.52116    -5.46171  0.00326298
         909    -5.56473    -5.46182  0.00326136
         910        -5.5    -5.46187  0.00325805
         911    -5.51932    -5.46193  0.00325508
         912     -5.5222    -5.46199  0.00325218
         913    -5.53872    -5.46208  0.00324971
         914    -5.54648    -5.46217  0.00324746
         915    -5.48156    -5.46219  0.00324398
         916    -5.46046    -5.46219  0.00324044
         917    -5.42502    -5.46215  0.00323716
         918    -5.38371    -5.46206  0.00323476
         919    -5.39566    -5.46199  0.00323205
         920    -5.47385      -5.462  0.00322856
         921    -5.53406    -5.46208    0.003226
         922    -5.43561    -5.46205  0.00322263
         923    -5.43849    -5.46203  0.00321924
         924    -5.32654    -5.46188   0.0032191
         925    -5.32384    -5.46173  0.00321907
         926    -5.22931    -5.46148  0.00322537
         927    -5.35863    -5.46137   0.0032238
         928    -5.43708    -5.46134  0.00322043
         929    -5.49907    -5.46139  0.00321722
         930    -5.47597     -5.4614   0.0032138
         931    -5.47497    -5.46142  0.00321038
         932    -5.39388    -5.46134  0.00320775
         933    -5.44022    -5.46132  0.00320439
         934    -5.37662    -5.46123  0.00320224
         935     -5.4063    -5.46117  0.00319936
         936    -5.45646    -5.46117  0.00319594
         937    -5.50397    -5.46121  0.00319286
         938    -5.46788    -5.46122  0.00318946
         939    -5.37925    -5.46113  0.00318726
         940    -5.39894    -5.46107  0.00318456
         941     -5.3242    -5.46092  0.00318449
         942    -5.38032    -5.46083  0.00318226
         943    -5.46685    -5.46084  0.00317889
         944    -5.49497    -5.46088  0.00317573
         945    -5.45293    -5.46087  0.00317238
         946    -5.48693     -5.4609  0.00316915
         947    -5.52627    -5.46097  0.00316655
         948    -5.51236    -5.46102  0.00316368
         949    -5.49831    -5.46106  0.00316059
         950    -5.48589    -5.46108  0.00315737
         951    -5.48005     -5.4611  0.00315411
         952    -5.51299    -5.46116  0.00315127
         953    -5.34882    -5.46104  0.00315017
         954    -5.38369    -5.46096  0.00314791
         955    -5.32365    -5.46082  0.00314789
         956    -5.28177    -5.46063  0.00315017
         957    -5.43446     -5.4606  0.00314699
         958     -5.4022    -5.46054   0.0031443
         959    -5.44492    -5.46052  0.00314106
         960    -5.39474    -5.46046  0.00313854
         961    -5.36548    -5.46036  0.00313683
         962    -5.38849    -5.46028  0.00313446
         963    -5.38871    -5.46021  0.00313208
         964    -5.40564    -5.46015  0.00312935
         965    -5.37506    -5.46006  0.00312735
         966    -5.46796    -5.46007  0.00312412
         967    -5.56641    -5.46018  0.00312282
         968    -5.49147    -5.46021  0.00311976
         969    -5.49322    -5.46025  0.00311673
         970    -5.53205    -5.46032   0.0031144
         971    -5.53401     -5.4604  0.00311211
         972    -5.51172    -5.46045  0.00310936
         973    -5.46093    -5.46045  0.00310616
         974    -5.50368     -5.4605  0.00310329
         975    -5.46021     -5.4605  0.00310011
         976    -5.55297    -5.46059  0.00309838
         977    -5.54595    -5.46068  0.00309644
         978    -5.59378    -5.46081  0.00309626
         979    -5.45633    -5.46081   0.0030931
         980    -5.42131    -5.46077  0.00309021
         981    -5.40133    -5.46071  0.00308765
         982    -5.45099     -5.4607  0.00308453
         983    -5.50435    -5.46074  0.00308171
         984    -5.41526     -5.4607  0.00307892
         985    -5.39037    -5.46062  0.00307662
         986    -5.42679    -5.46059   0.0030737
         987    -5.38862    -5.46052  0.00307145
         988    -5.30085    -5.46036  0.00307259
         989    -5.25339    -5.46015   0.0030766
         990    -5.43255    -5.46012  0.00307362
         991    -5.45564    -5.46011  0.00307052
         992    -5.41318    -5.46007  0.00306779
         993    -5.29817     -5.4599  0.00306903
         994    -5.32815    -5.45977   0.0030688
         995    -5.29073     -5.4596  0.00307042
         996    -5.33743    -5.45948  0.00306978
         997    -5.35514    -5.45937  0.00306849
         998    -5.41229    -5.45933  0.00306577
         999    -5.42536    -5.45929  0.00306289
        1000     -5.3726    -5.45921  0.00306106
