2.91321 0.0105914 0.788965
2.15023 0.529079 0.104405
-0.410144 -0.395667 -0.173113
-0.0400273 -0.496391 -0.14181
-0.175141 0.314624 -0.583025
1.28757 -0.214266 -1.4856
0.988501 2.53023 0.149564
1.26364 -2.59382 1.31452
-0.0630583 0.977997 0.0456315
-0.252157 -0.155358 1.69707
-0.859429 1.11674 -0.608377
1.10075 0.1078 -2.3353
-0.944218 -1.69505 -1.14448
0.993446 -1.23657 -1.58528
-0.222403 0.395141 1.63977
1.77546 0.887319 1.76251
0.174261 1.23853 0.28962
0.175239 1.13695 0.341968
0.423765 0.636071 -0.500722
0.860491 -0.508186 -0.256087
-1.11709 2.33767 -1.75225
-0.612635 0.185882 2.38819
0.345852 1.98692 -1.41406
-1.43453 0.557287 -0.630082
1.53597 -1.16084 -0.743542
0.654586 -0.931058 1.0916
0.00214633 0.187506 -0.407354
-0.807502 -0.625761 -0.152679
-0.523523 -1.48483 0.546479
-0.578715 1.09041 2.51119
-1.461 0.764584 -0.645502
-1.50392 0.303741 0.785924
-0.127643 -1.25492 0.307518
0.226286 0.508852 -0.274991
1.59571 -0.0314458 -0.93944
-0.300815 -1.61807 -1.28834
0.363712 -1.15711 0.141643
-0.863547 -0.434867 0.691382
0.228584 0.0516865 0.272403
-0.0120276 0.124832 -0.215454
-0.239519 -0.700471 -0.426577
-0.152282 -1.36164 0.567382
-1.40867 1.49269 0.659886
-0.485504 1.79783 1.21592
1.24826 -0.383683 -1.27692
1.05766 -0.949833 -1.04998
0.506063 -0.397812 1.85323
-1.10658 -1.67186 2.91865
-3.05388 -1.53596 -0.358476
-0.707671 1.10564 2.24068
0.364857 0.267403 -0.0335697
-1.78402 0.0825882 0.257665
-2.17853 -0.583926 -0.509956
-1.26039 -0.990137 -0.169889
-0.421369 -0.457147 1.74399
-0.282415 2.3639 -2.32788
0.98281 0.225422 0.914359
-0.927133 -0.524122 1.93433
0.0341986 1.47526 -0.0251146
-0.44924 1.24797 -0.339053
-0.434925 0.466977 -1.03785
-1.4621 -0.555646 -1.26344
0.118799 -0.156916 -0.320998
-0.460525 0.754964 -1.25539
0.971313 -1.83679 -1.04612
-0.400202 0.397384 1.26258
-0.267316 1.16903 -0.370173
0.375096 -0.0961079 -0.625304
-0.0674983 0.969407 0.969439
-0.83145 -0.191976 0.0153667
0.826617 -1.20296 -0.664871
0.199637 -1.12124 -0.335463
-0.618263 -0.407558 1.63337
-0.0522259 -0.179136 0.758381
0.845073 -0.162342 0.424462
0.829983 1.4019 -1.63133
0.478423 -3.00987 0.383296
1.74916 2.18701 0.34603
0.390719 -1.55787 -1.65543
1.08658 1.03357 -0.476908
0.23621 -1.63141 -0.997202
-1.00928 0.289327 -1.50146
-0.382308 -1.44205 1.47682
-1.54197 -0.167595 1.90651
0.34676 2.04279 -1.27311
-1.69492 0.803994 0.895661
1.5558 1.35725 0.0128377
1.71818 -0.91405 0.743635
-0.848709 0.393452 -1.19723
1.20759 1.22558 0.406556
0.325038 1.41969 0.358852
-0.416885 1.5594 -0.188366
0.436792 -1.33982 -1.51045
1.48203 -1.7526 0.823918
0.297069 0.443271 -0.402473
-0.490907 0.992858 -0.430247
-0.403356 1.51258 1.80684
0.587835 -0.705079 0.155546
1.42408 -2.07584 -2.32658
-1.78777 -0.618037 -0.882757
0.338483 0.921679 -0.154028
0.691943 -1.04473 -0.452553
0.816871 -1.04069 0.388952
-0.885625 0.00552569 1.24568
-0.926788 0.250502 -0.056135
-1.64163 -0.654784 0.598024
0.084878 1.00319 -1.89505
0.717158 -1.22476 -0.0434314
