101.187
96.6682
96.4978
98.765
99.9443
101
101.023
101.92
107.614
108.788
107.8
105.641
108.15
110.214
111.763
112.97
114.121
113.597
114.489
120.078
118.876
121.893
118.868
119.695
125.198
125.689
130.716
123.988
122.125
123.999
121.051
126.488
127.193
128.37
126.061
128.171
126.678
129.248
132.01
129.604
126.636
123.217
120.378
118.072
118.435
119.25
118.854
121.53
119.323
121.08
118.767
121.323
122.977
117.097
119.718
120.57
122.854
124.332
127.758
125.412
129.706
128.313
136.163
134.265
132.03
135.217
138.867
141.268
139.061
134.31
136.512
137.554
140
141.803
141.055
147.883
145.396
146.78
141.346
132.4
133.125
135.355
140.92
145.57
142.825
142.87
141.744
145.459
147.679
158.409
162.119
171.94
168.774
167.436
167.916
175.817
181.994
178.33
177.669
172.027
