0.376241   -0.219256   -0.208809
0.10519   -0.398587   -0.496381
-0.242799   0.45229   -0.371363
-0.319879   0.164653   -0.252074
0.166501   0.397318   0.0424164
0.378116   0.344221   -0.0622763
-0.216516   -0.438669   -0.185714
-0.0892832   0.0887021   0.449028
0.368354   0.090989   0.0429747
-0.242142   -0.467698   -0.294043
0.00192282   0.341201   0.448638
0.474521   0.25947   0.466046
-0.247982   0.0997573   0.314403
0.442146   -0.25174   -0.281861
0.361292   -0.275547   0.163268
0.256628   0.247266   -0.45395
-0.0843746   0.360437   -0.375642
0.20488   0.454464   0.216674
0.140083   -0.0636244   0.379579
-0.0118942   -0.0346209   -0.182887
-0.216364   0.416306   0.0378864
-0.167496   -0.122442   -0.118768
-0.181597   0.0405019   -0.472522
-0.0745498   -0.343123   0.43907
0.267715   -0.374035   0.0316671
-0.450573   0.328652   -0.0802918
-0.499141   0.0090061   -0.484734
-0.484128   -0.066642   0.366012
-0.343358   0.0548595   0.108108
0.0769751   0.0460543   -0.394744
-0.109085   0.293085   -0.116314
0.0624902   -0.278914   0.130266
0.466866   0.0701573   0.0267923
0.366402   -0.133688   -0.336323
-0.393769   -0.156866   -0.444643
-0.0919661   -0.276921   -0.237872
-0.461131   0.266386   0.026682
0.353684   -0.145432   -0.0848156
-0.188415   -0.461392   0.389405
0.495525   0.234028   -0.463143
-0.102154   0.058473   -0.464204
0.182397   -0.48678   0.28842
0.213443   -0.00933748   0.29643
-0.454878   0.496784   0.381704
0.444713   0.0817188   0.185381
-0.448605   0.291038   0.285155
0.275294   -0.140346   -0.371382
-0.110564   0.378534   0.196605
0.274022   -0.327883   -0.474558
0.110581   -0.0332699   0.242574
0.225528   -0.0339596   -0.187336
-0.458176   0.354475   -0.222122
-0.255199   -0.38965   0.320382
-0.254613   0.0227235   0.0260112
0.238696   0.466286   -0.420325
0.299295   0.461885   -0.365938
0.354884   -0.0935829   -0.212392
0.101356   0.0611407   -0.482496
-0.0355552   0.345264   0.286782
0.481063   0.0581912   0.105925
-0.238382   0.138019   0.235847
-0.447316   -0.0485165   0.173719
0.270527   -0.208749   -0.123116
0.192102   0.364925   0.115593
0.0295494   0.399339   0.116731
-0.142351   -0.0216339   0.469096
-0.0867435   -0.299136   0.152823
0.229234   0.272144   0.18358
-0.420339   0.366257   0.133317
-0.08661   -0.45386   0.221313
-0.0854092   -0.301328   -0.14021
0.110959   0.137197   0.357275
0.021627   -0.366784   0.343766
-0.397155   0.461878   -0.312356
0.271171   0.276855   -0.0709723
0.0427386   -0.00245386   -0.240852
0.103551   -0.471793   0.252448
0.264425   0.330261   0.484184
-0.368134   -0.290529   0.351587
0.0478655   0.026596   0.449135
-0.267903   -0.109777   0.397024
0.252158   0.415853   0.442455
0.326729   0.389358   0.0522324
-0.150482   -0.143634   0.265331
-0.256578   -0.310569   0.175112
0.211292   0.0168895   0.384336
-0.249061   0.316049   0.179857
0.488049   0.20194   0.0418139
-0.284828   -0.0442422   0.486943
-0.498465   0.228218   0.344302
-0.121247   0.415207   -0.152308
-0.430652   0.191775   -0.269749
-0.16345   -0.0161537   0.215043
0.126965   -0.0778444   -0.0311174
0.252322   0.388966   0.188533
-0.461317   -0.0944966   -0.344926
0.234083   -0.0634817   0.149186
-0.0671998   0.291923   -0.48695
-0.435298   0.424242   0.0615029
0.332936   0.296365   -0.441254
0.456364   0.49235   0.343186
0.149313   0.483072   0.129272
-0.272514   -0.390561   0.198374
0.314333   0.424584   -0.467772
-0.0580148   -0.0679455   -0.498899
-0.163697   -0.367504   0.129967
0.171863   0.370871   0.194515
-0.0777769   -0.0824916   0.0667492
