1.20071
1.20135
1.20186
1.20225
1.20253
1.20273
1.2029
1.20309
1.20333
1.20365
1.20405
1.20452
1.205
1.20545
1.20578
1.20595
1.20589
1.20558
1.20502
1.20425
1.20331
1.20224
1.20109
1.19984
1.19843
1.19678
1.19475
1.19222
1.18917
1.1857
1.18216
1.1791
1.17718
1.17695
1.17862
1.18196
1.18642
1.19138
1.19628
1.20075
1.20457
1.20765
1.20995
1.21148
1.21227
1.21238
1.21187
1.21085
1.20943
1.2077
1.20579
1.20375
1.20165
1.19953
1.19741
1.19535
1.1934
1.19167
1.19026
1.18927
1.18878
1.18883
1.18938
1.19034
1.19159
1.19297
1.19434
1.19557
1.19658
1.19733
1.19781
1.19803
1.198
1.19773
1.19721
1.19642
1.19533
1.19389
1.19207
1.18981
1.18708
1.18386
1.18009
1.17574
1.17085
1.16567
1.16076
1.15706
1.1556
1.15702
1.16117
1.16712
1.17367
1.1798
1.18492
1.18877
1.19131
1.19257
1.19259
1.19138
1.18896
1.18538
1.18083
1.17575
1.17083
1.16691
1.16477
1.16472
1.16653
1.16951
1.17283
1.17578
1.17794
1.17913
1.17936
1.1788
1.1777
1.17639
1.17522
1.17451
1.1745
1.17529
1.17683
1.17896
1.18143
1.18397
1.18635
1.18839
1.18999
1.1911
1.19172
1.19192
1.19176
1.19132
1.1907
1.19
1.1893
1.18868
1.18821
1.18792
1.18785
1.18798
1.1883
1.18878
1.18937
1.19005
1.19076
1.19148
1.19218
1.19285
1.19351
1.19415
1.19481
1.19551
1.19626
1.19706
1.19789
1.19871
1.19943
1.19995
1.20013
1.19984
1.19892
1.19727
1.19481
1.19158
1.18779
1.18378
1.18008
1.17725
1.17575
1.1758
1.17728
1.17982
1.1829
1.18603
1.18886
1.19122
1.19306
1.19449
1.19563
1.19658
1.19741
1.19809
1.19852
1.19857
1.19811
1.19706
1.19544
1.19335
1.19105
1.18883
1.18703
1.1859
1.1856
1.1861
1.1873
1.189
1.19102
1.19322
1.19549
1.19775
1.19994
1.20204
1.204
1.20577
1.20733
1.20861
1.20958
1.2102
1.21041
1.21019
1.2095
1.20831
1.2066
1.20439
1.20173
1.19869
1.19541
1.19207
1.18886
1.18597
1.18354
1.18168
1.18042
1.17976
1.17966
1.18004
1.18084
1.18196
1.18332
1.18484
1.18645
1.1881
1.18973
1.19134
1.19289
1.19438
1.19581
1.19718
1.19849
1.19972
1.20086
1.20188
1.20276
1.20344
1.20389
1.20405
1.20388
1.20336
1.20249
1.20128
1.19979
1.1981
1.19631
1.19451
1.19278
1.19117
1.1897
1.18834
1.1871
1.18597
1.185
1.18427
1.18383
1.18375
1.18403
1.18464
1.18552
1.18658
1.18773
1.18891
1.19008
1.1912
1.19227
1.1933
1.19429
1.19525
1.1962
1.19713
1.19805
1.19893
1.19978
1.20057
1.20128
1.20188
1.20236
1.20268
1.20284
1.2028
1.20254
1.20206
1.20132
1.20034
1.19911
1.19766
1.19603
1.19431
1.19256
1.19087
1.18931
1.18791
1.18669
1.1856
1.18459
1.1836
1.18257
1.18149
1.1804
1.17937
1.17856
1.17812
1.17818
1.17881
1.17999
1.18157
1.18334
1.18501
1.18633
1.18712
1.18728
1.18682
1.18586
1.1846
1.18327
1.18211
1.1813
1.18094
1.18105
1.18157
1.18238
1.18336
1.18439
1.18541
1.18639
1.18733
1.18827
1.18924
1.19023
1.19125
1.19224
1.19314
1.19387
1.19435
1.19452
1.19433
1.19378
1.19293
1.19184
1.19066
1.18955
1.18869
1.18821
1.1882
1.18867
1.18956
1.19075
1.19214
1.19358
1.19499
1.19628
1.19738
1.19822
1.19873
1.19884
1.19845
1.19747
1.19581
1.19341
1.19022
1.18628
1.18168
1.17667
1.17164
1.16713
1.16376
1.1621
1.16246
1.16476
1.16852
1.17304
1.17761
1.18166
1.18489
1.18719
1.18865
1.18944
1.18975
1.18978
1.18966
1.18951
1.1894
1.18935
1.18939
1.18954
1.18979
1.19016
1.19064
1.19122
1.19187
1.19255
1.19319
1.1937
1.19398
1.19392
1.19344
1.1925
1.19108
1.18928
1.18722
1.18517
1.1834
1.18226
1.18199
1.18269
1.18428
1.18647
1.18885
1.19101
1.19261
1.19347
1.19353
1.19285
1.19158
1.18993
1.18809
1.18622
1.18441
1.18265
1.18089
1.17902
1.177
1.17486
1.17274
1.17086
1.16953
1.16896
1.1693
1.17053
1.1725
1.175
1.17779
1.18063
1.18337
1.18589
1.18817
1.1902
1.19203
1.19365
1.19505
1.19617
1.19694
1.19732
1.19731
1.19695
1.19636
1.19569
1.1951
1.19474
1.19467
1.19491
1.19535
1.19585
1.19626
1.1965
1.19666
1.19703
1.19798
1.19979
1.20242
1.20546
1.20827
1.21022
1.21094
1.21044
1.20903
1.20729
1.20587
1.20527
1.20573
1.20713
1.20906
1.21097
1.21232
1.21273
1.212
1.21022
1.20769
1.20489
1.20235
1.20048
1.19941
1.19896
1.1987
1.19815
1.19706
1.19558
1.19426
1.19389
1.19512
1.19814
1.2026
1.20777
1.21281
1.21704
1.21998
1.2214
1.2212
1.21947
1.21642
1.21246
1.20821
1.20438
1.20166
1.20046
1.20075
1.20215
1.20404
1.20588
1.20731
1.20818
1.2085
1.20843
1.20814
1.20781
1.20761
1.20763
1.20789
1.20838
1.20901
1.2097
1.21032
1.21078
1.21098
1.21086
1.21035
1.20941
1.20801
1.20613
1.20377
1.20095
1.19771
1.19415
1.19034
1.1864
1.1824
1.17846
1.17474
1.17153
1.16923
1.1683
1.16906
1.17148
1.17524
1.17975
1.18443
1.1888
1.1926
1.19572
1.19815
1.19997
1.20125
1.2021
1.2026
1.20283
1.20283
1.20268
1.20241
1.20205
1.20163
1.20117
1.20066
1.20009
1.19944
1.19869
1.1978
1.1968
1.19575
1.1948
1.19413
1.19395
1.19443
1.19559
1.19731
1.19935
1.2014
1.20321
1.20462
1.20556
1.20608
1.20626
1.20621
1.206
1.20566
1.20518
1.20448
1.2035
1.20218
1.20048
1.1984
1.19598
1.19328
1.19035
1.1873
1.18423
1.18132
1.17885
1.17712
1.17646
1.1771
1.17908
1.18224
1.18622
1.19061
1.19504
1.19921
1.20296
1.20624
1.20904
1.2114
1.21336
1.21496
1.21625
1.21724
1.21792
1.2183
1.21832
1.21794
1.2171
1.21575
1.21385
1.2114
1.20849
1.20532
1.20218
1.19945
1.19749
1.19654
1.19664
1.19763
1.19923
1.20113
1.20311
1.20499
1.20672
1.20828
1.20968
1.21097
1.21215
1.21325
1.21428
1.21523
1.21611
1.21689
1.2176
1.21824
1.21883
1.21939
1.21992
1.22045
1.22095
1.22143
1.22189
1.22235
1.22283
1.22338
1.22404
1.22482
1.22575
1.22683
1.22808
1.22947
1.231
1.23261
1.23423
1.23574
1.23701
1.23791
1.23829
1.23806
1.23713
1.23546
1.23301
1.22978
1.22574
1.22089
1.21519
1.20863
1.20121
1.19309
1.18458
1.17634
1.16948
1.16552
1.16602
1.17174
1.18195
1.19462
1.20747
1.21888
1.2281
1.23505
1.23993
1.24306
1.24471
1.24516
1.24465
1.24342
1.2417
1.2397
1.23758
1.23546
1.2334
1.23141
1.22946
1.22756
1.22573
1.224
1.22247
1.2212
1.22026
1.2197
1.21953
1.21973
1.22026
1.22107
1.22211
1.22331
1.22464
1.22602
1.22743
1.22883
1.23018
1.23148
1.2327
1.23384
1.23489
1.23587
1.23677
1.23759
1.23835
1.23903
1.23966
1.24024
1.24076
1.24124
1.24169
1.24211
1.24252
1.24292
1.24332
1.24373
1.24415
1.24459
1.24505
1.24553
1.24601
1.24648
1.24692
1.24729
1.24754
1.2476
1.24739
1.2468
1.24567
1.24383
1.24108
1.23719
1.23197
1.22537
1.21761
1.2093
1.20148
1.19528
1.19137
1.18952
1.18877
1.18823
1.18781
1.18844
1.19142
1.19742
1.20592
1.21555
1.22495
1.23324
1.24006
1.24534
1.24912
1.25147
1.25242
1.25204
1.25046
1.24795
1.24494
1.24206
1.24006
1.2397
1.24144
1.24529
1.25073
1.25692
1.26301
1.26837
1.27265
1.27578
1.2778
1.27884
1.27903
1.27848
1.27723
1.27526
1.27253
1.26893
1.26437
1.25878
1.25219
1.24479
1.23691
1.2291
1.22203
1.21635
1.21262
1.21113
1.21194
1.21487
1.2196
1.22565
1.23249
1.23952
1.24624
1.25222
1.25721
1.26108
1.26385
1.26557
1.26638
1.26642
1.26584
1.2648
1.26342
1.26182
1.26008
1.25824
1.25629
1.25417
1.25181
1.24909
1.24593
1.24225
1.23805
1.23341
1.22852
1.22373
1.21949
1.21633
1.21475
1.21506
1.21733
1.2213
1.22649
1.23231
1.23819
1.24365
1.24839
1.25225
1.25516
1.25712
1.25814
1.25826
1.25748
1.25582
1.25328
1.24994
1.24593
1.2415
1.23705
1.23309
1.2301
1.22845
1.22826
1.22935
1.23131
1.23361
1.23573
1.23723
1.23778
1.23716
1.23534
1.23252
1.22923
1.22632
1.22483
1.22565
1.22914
1.235
1.24243
1.25046
1.25831
1.26546
1.27165
1.27677
1.28084
1.28389
1.28592
1.28694
1.28687
1.28557
1.28287
1.27851
1.27229
1.26409
1.25415
1.24317
1.23235
1.2231
1.21645
1.21255
1.21085
1.21064
1.21155
1.2136
1.21692
1.22149
1.22698
1.23286
1.23858
1.24373
1.24811
1.25168
1.25454
1.25687
1.25883
1.26055
1.26208
1.26339
1.26441
1.26503
1.26514
1.26467
1.26357
1.26185
1.25959
1.25695
1.25412
1.25131
1.24875
1.24656
1.24484
1.24358
1.24275
1.24229
1.2421
1.24212
1.24225
1.24237
1.24236
1.24207
1.24134
1.24003
1.23801
1.23518
1.23147
1.22689
1.22157
1.21581
1.21013
1.20523
1.2018
1.20028
1.20072
1.20276
1.20588
1.20957
1.21349
1.21742
1.22123
1.2248
1.22799
1.23068
1.23276
1.23414
1.23476
1.23459
1.23356
1.23159
1.22859
1.22442
1.21899
1.21235
1.20479
1.19704
1.1902
1.18548
1.18365
1.18462
1.18756
1.19137
1.19513
1.19835
1.20089
1.2028
1.20424
1.20533
1.20619
1.20688
1.20745
1.20793
1.2083
1.20858
1.20876
1.20885
1.20883
1.20872
1.20852
1.20823
1.20787
1.20744
1.20698
1.20648
1.20597
1.20546
1.20495
1.20446
1.20398
1.20351
1.20304
1.20255
1.20203
1.20145
1.20079
1.20001
1.19911
1.19807
1.19687
1.19555
1.19412
1.19263
1.19116
1.18977
1.18856
1.18758
1.18689
1.18653
1.1865
1.1868
1.18741
1.18829
1.1894
1.19065
1.19195
1.19321
1.19432
1.19519
1.19574
1.19592
1.19569
1.19506
1.19405
1.1927
1.19109
1.18931
1.18744
1.18555
1.18372
1.182
1.18044
1.17912
1.17815
1.17762
1.17766
1.1783
1.17957
1.18139
1.18362
1.18608
1.18857
1.19088
1.19285
1.19434
1.19525
1.19552
1.19514
1.19414
1.19257
1.19054
1.18819
1.18564
1.18298
1.18022
1.17726
1.17398
1.17032
1.16643
1.1628
1.16014
1.15922
1.1604
1.16351
1.16787
1.17269
1.17727
1.18125
1.18447
1.18695
1.1888
1.19014
1.19107
1.19166
1.19197
1.19203
1.19184
1.19139
1.19067
1.18966
1.18834
1.18671
1.1848
1.18262
1.18024
1.17774
1.17519
1.17262
1.17006
1.16748
1.16487
1.16222
1.15965
1.15739
1.15577
1.1551
1.15558
1.1572
1.15974
1.1629
1.16635
1.16983
1.17319
1.17632
1.17918
1.18176
1.18404
1.18599
1.1876
1.18887
1.18978
1.19033
1.19053
1.19039
1.18994
1.18923
1.1883
1.18726
1.18619
1.18524
1.18454
1.18421
1.18435
1.18499
1.18611
1.1876
1.18934
1.19117
1.19294
1.19451
1.19578
1.19665
1.19708
1.19704
1.19655
1.19567
1.1945
1.19323
1.19208
1.19132
1.19122
1.19196
1.19365
1.19626
1.19964
1.20357
1.2078
1.21208
1.2162
1.21996
1.2232
1.22578
1.22757
1.22842
1.22823
1.22692
1.22452
1.22123
1.21748
1.21393
1.21136
1.21041
1.21138
1.21411
1.21806
1.2226
1.22721
1.23154
1.23543
1.23886
1.24182
1.24431
1.24626
1.24756
1.24809
1.24773
1.2464
1.24411
1.24098
1.23723
1.23322
1.22937
1.22607
1.22364
1.22226
1.22195
1.22262
1.22416
1.22646
1.22943
1.23297
1.23694
1.24114
1.24535
1.24932
1.25283
1.25566
1.25767
1.25878
1.25897
1.25827
1.25679
1.25467
1.25212
1.24936
1.24661
1.24407
1.24193
1.24032
1.23936
1.23917
1.23984
1.24144
1.24397
1.24731
1.25124
1.25541
1.25947
1.26309
1.26604
1.26818
1.26947
1.26995
1.26971
1.26886
1.26755
1.26594
1.26419
1.26246
1.26089
1.25959
1.25857
1.25782
1.25725
1.25676
1.25625
1.25567
1.25499
1.25419
1.25329
1.25226
1.25105
1.24957
1.24772
1.24537
1.24246
1.23894
1.23488
1.23042
1.22578
1.22127
1.21722
1.2139
1.21147
1.20994
1.20918
1.209
1.20917
1.20953
1.20996
1.2104
1.21084
1.2113
1.21181
1.21242
1.21311
1.21383
1.2145
1.21502
1.21532
1.21533
1.215
1.2143
1.21313
1.21144
1.20919
1.20651
1.20374
1.20138
1.19999
1.19994
1.20125
1.20353
1.20617
1.2085
1.20992
1.20999
1.20838
1.20501
1.20011
1.19439
1.18901
1.18528
1.18406
1.18524
1.18788
1.19076
1.19291
1.19393
1.19384
1.19293
1.19162
1.19027
1.18919
1.18856
1.18844
1.18879
1.18946
1.1903
1.19112
1.19179
1.19219
1.19229
1.19211
1.19175
1.19135
1.1911
1.19115
1.19163
1.19257
1.19388
1.19542
1.19698
1.19838
1.19947
1.20019
1.20054
1.20058
1.20037
1.19997
1.19936
1.19846
1.19713
1.19525
1.19283
1.1901
1.18761
1.18611
1.18636
1.18873
1.19301
1.19843
1.20401
1.20883
1.2122
1.21372
1.2133
1.21116
1.20794
1.20468
1.20251
1.20223
1.20388
1.20676
1.20982
1.21219
1.21343
1.2135
1.21265
1.21124
1.20959
1.20796
1.20646
1.20508
1.20373
1.20231
1.20071
1.19892
1.19708
1.19547
1.19448
1.19447
1.19563
1.19784
1.20077
1.20399
1.20715
1.21005
1.21263
1.21493
1.21697
1.21879
1.2204
1.22179
1.22295
1.22387
1.22458
1.22508
1.22538
1.22552
1.2255
1.22535
1.22509
1.22475
1.22436
1.22393
1.22349
1.22303
1.22258
1.22212
1.22164
1.22111
1.22051
1.21981
1.21896
1.21792
1.21668
1.21519
1.21345
1.21145
1.20924
1.20688
1.20444
1.20204
1.19982
1.1979
1.19638
1.19532
1.19473
1.19458
1.19479
1.19528
1.19595
1.19674
1.1976
1.19851
1.19945
1.20043
1.20145
1.20251
1.20361
1.20473
1.20587
1.207
1.20811
1.20917
1.21018
1.21113
1.212
1.21281
1.21355
1.21423
1.21486
1.21545
1.21602
1.21657
1.21711
1.21766
1.21822
1.21879
1.21938
1.21998
1.22057
1.22114
1.22166
1.22212
1.22249
1.22273
1.22281
1.22271
1.22238
1.22178
1.22087
1.21956
1.21779
1.21549
1.21261
1.20918
1.20535
1.20143
1.1979
1.19525
1.19381
1.19359
1.19422
1.19516
1.19598
1.19659
1.19727
1.19852
1.20077
1.20406
1.208
1.21195
1.21528
1.21753
1.21847
1.2181
1.21661
1.21432
1.21166
1.20912
1.20716
1.20613
1.2062
1.20736
1.20949
1.21236
1.21573
1.21937
1.22306
1.22659
1.2298
1.23259
1.23487
1.23661
1.23781
1.23849
1.23867
1.23837
1.23763
1.23646
1.23489
1.23292
1.23054
1.22777
1.22462
1.22115
1.21751
1.21398
1.21096
1.20893
1.20832
1.20934
1.21186
1.21545
1.21953
1.22353
1.22703
1.22974
1.23154
1.23244
1.23252
1.23192
1.23087
1.22963
1.22846
1.22761
1.22725
1.22745
1.22818
1.22931
1.23068
1.23212
1.23348
1.23467
1.23562
1.23631
1.23672
1.23686
1.23673
1.23633
1.23567
1.23478
1.23371
1.23257
1.23148
1.2306
1.23002
1.22983
1.22998
1.2304
1.23092
1.2314
1.23172
1.23179
1.23158
1.23113
1.23049
1.22974
1.22896
1.22823
1.22759
1.22709
1.22674
1.22652
1.2264
1.22632
1.22625
1.22614
1.22598
1.22576
1.22552
1.2253
1.22517
1.22522
1.22551
1.22613
1.2271
1.22845
1.23014
1.23208
1.23417
1.23626
1.23817
1.23975
1.24082
1.2412
1.24076
1.23932
1.23676
1.23294
1.22779
1.22126
1.21346
1.20463
1.1953
1.18626
1.17851
1.17296
1.17026
1.17063
1.17399
1.18003
1.18819
1.19761
1.20728
1.21632
1.22412
1.23044
1.23525
1.2387
1.24095
1.24216
1.24247
1.24196
1.2407
1.23867
1.23585
1.23217
1.22757
1.22204
1.21564
1.20868
1.20166
1.19535
1.19052
1.18767
1.18685
1.18756
1.1891
1.19077
1.19215
1.19309
1.1937
1.19419
1.19481
1.19571
1.19695
1.19851
1.20031
1.20226
1.20429
1.20637
1.20844
1.21044
1.21225
1.21376
1.21485
1.21542
1.21541
1.2148
1.21358
1.21178
1.20948
1.2068
1.20389
1.20101
1.19842
1.1964
1.19512
1.19461
1.19471
1.19515
1.19562
1.19586
1.19574
1.19523
1.19446
1.19361
1.19293
1.1926
1.19275
1.19336
1.19434
1.19549
1.19663
1.19759
1.19822
1.19846
1.19824
1.19752
1.19625
1.19438
1.19186
1.18871
1.18505
1.18116
1.17755
1.17484
1.17362
1.17419
1.17642
1.17984
1.18382
1.18783
1.19151
1.19472
1.19744
1.19973
1.20166
1.20328
1.20462
1.20568
1.20645
1.20692
1.20706
1.20687
1.20636
1.20554
1.20445
1.20315
1.2017
1.20019
1.1987
1.19731
1.19607
1.19503
1.19422
1.19363
1.19328
1.19317
1.19332
1.19376
1.19452
1.19559
1.19695
1.19851
1.20019
1.20185
1.20338
1.20464
1.20552
1.20593
1.20581
1.20511
1.20386
1.20215
1.2002
1.19828
1.19676
1.19602
1.19632
1.1978
1.20039
1.2039
1.20803
1.21251
1.21709
1.22158
1.22585
1.22983
1.23348
1.23676
1.23967
1.24219
1.24432
1.24606
1.24739
1.24833
1.24887
1.24902
1.24877
1.24813
1.24707
1.24559
1.24368
1.24137
1.23875
1.23599
1.23334
1.2311
1.22951
1.2287
1.22853
1.22866
1.2286
1.22785
1.22617
1.22364
1.22077
1.21839
1.21736
1.21821
1.221
1.22528
1.2304
1.23578
1.24103
1.24593
1.25038
1.25433
1.2577
1.26045
1.26251
1.26389
1.26461
1.26473
1.26432
1.26348
1.26226
1.2607
1.25883
1.25662
1.25405
1.25111
1.24781
1.24419
1.24038
1.23658
1.23309
1.23029
1.2286
1.22834
1.22966
1.23248
1.23648
1.24123
1.24627
1.25122
1.25577
1.25972
1.26296
1.26541
1.26707
1.26791
1.26793
1.26712
1.26544
1.26285
1.25929
1.25475
1.24934
1.24337
1.23742
1.23237
1.22911
1.22824
1.22974
1.23305
1.23728
1.24165
1.2456
1.24886
1.25134
1.25302
1.25392
1.25403
1.25329
1.25161
1.24893
1.24531
1.2411
1.23704
1.23411
1.23327
1.23487
1.23853
1.24324
1.24793
1.2518
1.25443
1.25571
1.25569
1.25452
1.25237
1.24947
1.24608
1.24251
1.23907
1.23592
1.23295
1.22972
1.22571
1.22077
1.21573
1.21246
1.213
1.21801
1.2262
1.23528
1.24339
1.24965
1.25404
1.25689
1.25861
1.2595
1.25969
1.25922
1.25802
1.25602
1.25313
1.24936
1.24484
1.23984
1.23483
1.23036
1.22704
1.22536
1.22553
1.2275
1.23095
1.23542
1.24041
1.24551
1.25038
1.2548
1.25868
1.26198
1.26471
1.26693
1.26869
1.27004
1.271
1.27158
1.27173
1.27138
1.27039
1.26858
1.26574
1.26165
1.2562
1.24944
1.24177
1.2339
1.22677
1.22117
1.21745
1.21544
1.21473
1.21495
1.21596
1.21772
1.22023
1.22336
1.22686
1.23047
1.23391
1.23699
1.23959
1.24167
1.24322
1.24428
1.2449
1.24513
1.24501
1.24461
1.24396
1.24311
1.24212
1.24102
1.23988
1.23873
1.23763
1.2366
1.23568
1.23488
1.23417
1.23353
1.2329
1.2322
1.23133
1.23018
1.22868
1.22674
1.22435
1.22158
1.21856
1.21553
1.21272
1.21032
1.20836
1.20679
1.20542
1.20414
1.20291
1.20181
1.20098
1.2005
1.20038
1.20059
1.20115
1.20223
1.20416
1.20723
1.21161
1.2171
1.22326
1.22947
1.23519
1.24004
1.2438
1.24639
1.24778
1.24795
1.24682
1.24434
1.24046
1.2353
1.22932
1.22337
1.2187
1.21644
1.21706
1.22007
1.22432
1.22853
1.23183
1.23386
1.23465
1.23451
1.23385
1.23309
1.2326
1.23261
1.23323
1.23441
1.23601
1.23786
1.23974
1.24147
1.2429
1.24391
1.24443
1.24439
1.24376
1.2425
1.24061
1.23808
1.23499
1.2315
1.22792
1.22472
1.22251
1.22189
1.22321
1.22647
1.23126
1.23688
1.24266
1.24801
1.25262
1.25633
1.25916
1.26118
1.26247
1.26308
1.26301
1.26222
1.26061
1.25804
1.2544
1.24962
1.24377
1.23713
1.23025
1.22394
1.2191
1.21642
1.21609
1.21768
1.22036
1.22317
1.22529
1.22613
1.22542
1.22324
1.22015
1.21717
1.21551
1.21604
1.21882
1.22301
1.22743
1.23103
1.23319
1.23377
1.23289
1.23094
1.22837
1.22573
1.22352
1.22211
1.22171
1.22229
1.22361
1.2253
1.22695
1.2282
1.22878
1.22851
1.22735
1.2253
1.22247
1.21901
1.21515
1.21115
1.20732
1.20397
1.20137
1.19966
1.19888
1.19891
1.19951
1.2004
1.20129
1.20191
1.20211
1.20179
1.20099
1.19981
1.19846
1.1972
1.1963
1.19596
1.1963
1.19729
1.19881
1.20067
1.20268
1.20466
1.20651
1.20817
1.20961
1.21083
1.21183
1.21262
1.21319
1.21353
1.2136
1.21336
1.21275
1.21172
1.21022
1.20825
1.20584
1.20307
1.20016
1.19739
1.19513
1.19374
1.1935
1.19445
1.19636
1.19876
1.20098
1.20238
1.20247
1.20115
1.19886
1.19658
1.19549
1.19638
1.19924
1.20323
1.20722
1.21025
1.21178
1.21168
1.21003
1.20702
1.20294
1.19806
1.19275
1.18744
1.18258
1.17864
1.17598
1.17475
1.17491
1.17624
1.17845
1.18122
1.18431
1.1875
1.19064
1.19359
1.19626
1.19858
1.20049
1.20194
1.20289
1.20329
1.20306
1.20215
1.20048
1.19801
1.19475
1.19079
1.1863
1.18161
1.17718
1.17358
1.17132
1.17076
1.17194
1.17458
1.17818
1.18221
1.18617
1.18974
1.19275
1.19513
1.19691
1.19816
1.19896
1.19939
1.19953
1.19942
1.19912
1.19864
1.19802
1.19726
1.19638
1.19538
1.19429
1.19313
1.19196
1.19081
1.18975
1.18884
1.18812
1.1876
1.18729
1.18714
1.18709
1.18709
1.18708
1.18701
1.18688
1.1867
1.18652
1.1864
1.18642
1.18662
1.18705
1.1877
1.18852
1.18944
1.1903
1.19095
1.1912
1.19089
1.18988
1.18814
1.18578
1.1831
1.18054
1.17863
1.1777
1.17777
1.17837
1.1787
1.17787
1.17511
1.17023
1.16402
1.15846
1.15626
1.15932
1.16733
1.17808
1.18901
1.19845
1.2058
1.21116
1.21485
1.21723
1.21856
1.219
1.21864
1.21753
1.21569
1.21316
1.21003
1.20645
1.20266
1.19896
1.19565
1.19304
1.19132
1.19059
1.19083
1.19193
1.19372
1.19598
1.1985
1.20106
1.20346
1.20553
1.20713
1.20816
1.20854
1.20825
1.2073
1.20577
1.20388
1.20195
1.20047
1.19993
1.20073
1.20299
1.20649
1.21077
1.21527
1.21952
1.22321
1.22619
1.22844
1.23
1.23096
1.23142
1.23146
1.23116
1.23059
1.22979
1.2288
1.22767
1.22641
1.22508
1.22371
1.22233
1.221
1.21978
1.21871
1.21787
1.2173
1.21705
1.21712
1.21754
1.21829
1.21932
1.22058
1.22202
1.22355
1.2251
1.22661
1.22802
1.22927
1.23032
1.23116
1.23175
1.2321
1.23219
1.23202
1.2316
1.23093
1.23
1.22882
1.22739
1.2257
1.22377
1.22162
1.21929
1.21686
1.21446
1.21225
1.2104
1.20908
1.20841
1.2084
1.20899
1.21004
1.21138
1.21283
1.21425
1.21551
1.21655
1.21733
1.21781
1.21799
1.21791
1.2176
1.21714
1.21666
1.21631
1.21626
1.21668
1.21768
1.21929
1.22143
1.22394
1.22659
1.22913
1.23133
1.23302
1.23406
1.23441
1.23404
1.23301
1.23139
1.22932
1.22694
1.22445
1.22207
1.22006
1.21866
1.21805
1.21834
1.21949
1.22134
1.22367
1.22621
1.22875
1.23114
1.23328
1.23514
1.23668
1.23789
1.23873
1.23916
1.23908
1.23838
1.23696
1.23471
1.23162
1.22783
1.22369
1.21979
1.21678
1.21514
1.215
1.21603
1.21768
1.2194
1.22084
1.22184
1.22243
1.2227
1.22273
1.2226
1.22235
1.22204
1.2217
1.22145
1.2214
1.22168
1.22242
1.22365
1.22535
1.22738
1.22956
1.23169
1.23362
1.23525
1.23651
1.23739
1.23792
1.23813
1.23806
1.23776
1.23728
1.23665
1.23595
1.23522
1.23454
1.23397
1.2336
1.23347
1.23362
1.23404
1.23468
1.23548
1.23634
1.23715
1.23784
1.23831
1.23851
1.23842
1.23801
1.23732
1.23637
1.23523
1.23394
1.2326
1.23127
1.23005
1.22899
1.22819
1.22769
1.22756
1.22784
1.22857
1.22973
1.23129
1.2332
1.23535
1.23764
1.23994
1.24215
1.24417
1.24593
1.24742
1.24866
1.24971
1.25065
1.25159
1.25261
1.25374
1.25499
1.25628
1.25753
1.25862
1.25944
1.25991
1.25998
1.25962
1.25887
1.25778
1.25643
1.25493
1.2534
1.25192
1.25059
1.24945
1.24851
1.24777
1.24721
1.24684
1.24669
1.24677
1.24705
1.24747
1.24783
1.24788
1.24729
1.2457
1.24285
1.23866
1.2334
1.22768
1.22241
1.21838
1.21592
1.21469
1.21392
1.2129
1.21132
1.20954
1.20852
1.20942
1.21288
1.21859
1.22544
1.23211
1.23763
1.24153
1.24379
1.24468
1.24457
1.2439
1.24301
1.24216
1.24145
1.2409
1.24039
1.23982
1.2391
1.23818
1.23709
1.23589
1.23468
1.23356
1.23261
1.23185
1.23127
1.2308
1.23036
1.22985
1.22921
1.22839
1.22737
1.22618
1.22486
1.22347
1.22208
1.22076
1.21957
1.21859
1.21784
1.21736
1.21714
1.21712
1.21726
1.21745
1.21763
1.2177
1.2176
1.2173
1.21677
1.21602
1.21505
1.21388
1.21253
1.21103
1.20942
1.20771
1.20593
1.20411
1.20227
1.20043
1.19862
1.19684
1.19513
1.19351
1.192
1.19062
1.1894
1.18837
1.18754
1.18694
1.18657
1.18644
1.18651
1.18675
1.18712
1.18753
1.18792
1.18826
1.18852
1.18871
1.18888
1.18913
1.18953
1.19019
1.19116
1.19249
1.19416
1.19611
1.19827
1.20052
1.20278
1.20493
1.2069
1.20862
1.21006
1.21119
1.21201
1.2125
1.21268
1.21255
1.21212
1.21141
1.21043
1.20923
1.20782
1.20628
1.20466
1.20304
1.20151
1.20015
1.19902
1.19818
1.19764
1.19738
1.19734
1.19747
1.1977
1.19801
1.19843
1.19905
1.19999
1.20136
1.20324
1.20559
1.20829
1.21112
1.21387
1.21636
1.21845
1.22009
1.22129
1.22209
1.22259
1.22289
1.22307
1.22326
1.22351
1.2239
1.22446
1.22519
1.22608
1.22708
1.22814
1.2292
1.23017
1.231
1.23161
1.23196
1.232
1.23171
1.23112
1.23027
1.22925
1.22821
1.22732
1.22676
1.22666
1.22713
1.22817
1.22971
1.23161
1.23371
1.23582
1.23779
1.23946
1.24073
1.2415
1.24167
1.24119
1.24003
1.23823
1.23593
1.23341
1.23107
1.22936
1.22867
1.22914
1.23066
1.23288
1.23535
1.23767
1.23958
1.24094
1.24172
1.24198
1.24178
1.24123
1.2404
1.23937
1.23822
1.237
1.23578
1.2346
1.23353
1.23261
1.2319
1.23144
1.23124
1.23132
1.23164
1.23216
1.23281
1.23352
1.23423
1.23492
1.23559
1.23627
1.23701
1.23788
1.2389
1.24009
1.24139
1.24274
1.24403
1.24514
1.24596
1.24635
1.24622
1.24548
1.24404
1.24187
1.23901
1.2356
1.23192
1.2284
1.22553
1.22375
1.22329
1.22407
1.22574
1.22787
1.23008
1.23218
1.23415
1.23612
1.23825
1.2407
1.24351
1.24665
1.25
1.25342
1.25676
1.25993
1.26282
1.26539
1.2676
1.26942
1.27085
1.27189
1.27256
1.27288
1.27289
1.27264
1.27221
1.27165
1.27104
1.27044
1.26991
1.26946
1.2691
1.26879
1.26848
1.26811
1.26761
1.26695
1.26612
1.26514
1.26405
1.26293
1.26187
1.26094
1.26021
1.2597
1.25944
1.25937
1.25945
1.25958
1.25969
1.25968
1.2595
1.25907
1.25837
1.25738
1.25606
1.25439
1.25233
1.24981
1.24679
1.24323
1.23916
1.23474
1.23026
1.22616
1.22288
1.22078
1.21994
1.22016
1.22107
1.22226
1.22341
1.22437
1.2251
1.2257
1.22629
1.227
1.22789
1.22895
1.23011
1.23124
1.23222
1.23296
1.23342
1.23359
1.23352
1.23325
1.23284
1.23233
1.23173
1.23103
1.23017
1.22908
1.22761
1.22561
1.22288
1.21918
1.21434
1.20825
1.20095
1.19273
1.1842
1.17632
1.17046
1.16808
1.17005
1.17598
1.18426
1.19288
1.20025
1.20556
1.20863
1.20971
1.20924
1.20776
1.20582
1.20392
1.20242
1.2015
1.20113
1.20112
1.20116
1.20095
1.20019
1.1987
1.19643
1.19348
1.19016
1.18692
1.18432
1.18281
1.18262
1.18361
1.18543
1.18763
1.18983
1.19181
1.19351
1.1949
1.196
1.19681
1.19731
1.1975
1.19742
1.19712
1.19671
1.19632
1.19606
1.19605
1.19635
1.19696
1.19781
1.1988
1.19981
1.20072
1.20144
1.20191
1.20212
1.20208
1.20182
1.20138
1.20082
1.20019
1.19956
1.19897
1.19843
1.19795
1.19747
1.19692
1.19615
1.19499
1.19325
1.19075
1.18741
1.18338
1.17914
1.17549
1.17336
1.17339
1.1756
1.17934
1.18367
1.18773
1.19105
1.19352
1.19526
