-0.438103
-0.439049
-0.439791
-0.440355
-0.44076
-0.441059
-0.441314
-0.441597
-0.441976
-0.442465
-0.443077
-0.443783
-0.444506
-0.445157
-0.445638
-0.445861
-0.445739
-0.445239
-0.444372
-0.443174
-0.441733
-0.440125
-0.438384
-0.436493
-0.434366
-0.431843
-0.428726
-0.42486
-0.420208
-0.414972
-0.409684
-0.405213
-0.402555
-0.4025
-0.405282
-0.410502
-0.417324
-0.424778
-0.432088
-0.438703
-0.444324
-0.44883
-0.452164
-0.454338
-0.455414
-0.455473
-0.454633
-0.453036
-0.450844
-0.448229
-0.445328
-0.442261
-0.439106
-0.435915
-0.432745
-0.42966
-0.426761
-0.424208
-0.422138
-0.420735
-0.420079
-0.420229
-0.421117
-0.422617
-0.424529
-0.426614
-0.428656
-0.430468
-0.431949
-0.433038
-0.433711
-0.433998
-0.433913
-0.433469
-0.432655
-0.431425
-0.429732
-0.427507
-0.424702
-0.421239
-0.417089
-0.412174
-0.406433
-0.399826
-0.392424
-0.384651
-0.377399
-0.372114
-0.370332
-0.372912
-0.379482
-0.388575
-0.398393
-0.407469
-0.414965
-0.420538
-0.424154
-0.42586
-0.425709
-0.423719
-0.41991
-0.414378
-0.407445
-0.399804
-0.392508
-0.386851
-0.383944
-0.384181
-0.387135
-0.391714
-0.396678
-0.40101
-0.404114
-0.405739
-0.405956
-0.405006
-0.403298
-0.401336
-0.399628
-0.398658
-0.398752
-0.400059
-0.402475
-0.405742
-0.409481
-0.413286
-0.416822
-0.419829
-0.422153
-0.423752
-0.424627
-0.424865
-0.424574
-0.423887
-0.422937
-0.421877
-0.420843
-0.419935
-0.419251
-0.418853
-0.418773
-0.418999
-0.419511
-0.42026
-0.421171
-0.422204
-0.423269
-0.424335
-0.425379
-0.426378
-0.427359
-0.428328
-0.429325
-0.430382
-0.431519
-0.432736
-0.43399
-0.43521
-0.43626
-0.436997
-0.437207
-0.43669
-0.435215
-0.432614
-0.428803
-0.423861
-0.418111
-0.412106
-0.406652
-0.402577
-0.40056
-0.400856
-0.403274
-0.407194
-0.411854
-0.416532
-0.420721
-0.424171
-0.426865
-0.428958
-0.430619
-0.432044
-0.43327
-0.434265
-0.434871
-0.434885
-0.434118
-0.432453
-0.429928
-0.426754
-0.423292
-0.420007
-0.417395
-0.415826
-0.415501
-0.416384
-0.41826
-0.420872
-0.423941
-0.427265
-0.430671
-0.434056
-0.43734
-0.440462
-0.443371
-0.446003
-0.448304
-0.450186
-0.451593
-0.452456
-0.452728
-0.452326
-0.451213
-0.44935
-0.446712
-0.443324
-0.439265
-0.434665
-0.429731
-0.424737
-0.419955
-0.415681
-0.412122
-0.409417
-0.407618
-0.406716
-0.406631
-0.407273
-0.40852
-0.410245
-0.41232
-0.414616
-0.417039
-0.4195
-0.421953
-0.424353
-0.426673
-0.4289
-0.431041
-0.433086
-0.435033
-0.436867
-0.438566
-0.440087
-0.441367
-0.442371
-0.442993
-0.443186
-0.442882
-0.442059
-0.4407
-0.438846
-0.436576
-0.434015
-0.431316
-0.428615
-0.426035
-0.42365
-0.421458
-0.419435
-0.417592
-0.415921
-0.414511
-0.413442
-0.412833
-0.412758
-0.413234
-0.414197
-0.415546
-0.417147
-0.418878
-0.420643
-0.422395
-0.424079
-0.425685
-0.427219
-0.428716
-0.430161
-0.431577
-0.432971
-0.434337
-0.435659
-0.436925
-0.438096
-0.439135
-0.440037
-0.44073
-0.441196
-0.44139
-0.441298
-0.440904
-0.440132
-0.438989
-0.437473
-0.435594
-0.433399
-0.430942
-0.428344
-0.425719
-0.423203
-0.420883
-0.418828
-0.417023
-0.415406
-0.413914
-0.41243
-0.410881
-0.409256
-0.407606
-0.406097
-0.404913
-0.404322
-0.40451
-0.405546
-0.407385
-0.409808
-0.412445
-0.41492
-0.416839
-0.417938
-0.418067
-0.417295
-0.415794
-0.413869
-0.411874
-0.410167
-0.409013
-0.40855
-0.408793
-0.409623
-0.410868
-0.412351
-0.413905
-0.415434
-0.41689
-0.418305
-0.419709
-0.421165
-0.422674
-0.424196
-0.425675
-0.427
-0.428062
-0.428745
-0.428944
-0.428608
-0.427741
-0.426417
-0.424767
-0.422988
-0.421359
-0.420113
-0.419468
-0.419527
-0.420307
-0.421691
-0.423526
-0.425622
-0.427791
-0.429887
-0.431798
-0.433408
-0.434617
-0.435329
-0.435414
-0.434747
-0.433181
-0.430582
-0.426862
-0.421975
-0.41595
-0.408971
-0.401413
-0.393901
-0.387257
-0.38243
-0.380234
-0.381091
-0.384793
-0.390603
-0.397436
-0.404237
-0.41022
-0.414932
-0.418255
-0.420318
-0.421412
-0.421832
-0.421844
-0.421658
-0.421434
-0.421273
-0.421222
-0.421295
-0.421528
-0.42193
-0.422485
-0.423213
-0.424094
-0.425095
-0.426115
-0.427061
-0.427792
-0.428161
-0.428022
-0.427245
-0.425749
-0.423579
-0.420814
-0.417723
-0.414664
-0.412089
-0.41049
-0.410228
-0.41143
-0.413932
-0.417266
-0.420827
-0.424005
-0.426313
-0.42748
-0.427439
-0.426318
-0.424347
-0.421834
-0.419067
-0.41627
-0.413562
-0.410932
-0.408278
-0.405457
-0.402403
-0.399177
-0.396013
-0.393262
-0.391358
-0.390642
-0.391292
-0.393246
-0.396295
-0.400105
-0.404297
-0.408558
-0.412643
-0.416394
-0.419768
-0.422791
-0.425507
-0.427912
-0.429971
-0.431607
-0.432717
-0.433216
-0.433124
-0.432543
-0.43164
-0.430637
-0.429779
-0.429279
-0.429223
-0.429612
-0.430297
-0.43105
-0.431641
-0.431979
-0.432235
-0.432838
-0.434377
-0.437229
-0.441276
-0.445843
-0.449956
-0.452715
-0.453605
-0.452692
-0.450491
-0.447885
-0.445842
-0.445101
-0.445949
-0.448161
-0.451095
-0.45391
-0.455812
-0.456262
-0.454997
-0.45218
-0.448308
-0.444119
-0.440393
-0.437706
-0.436219
-0.435598
-0.435181
-0.434287
-0.432581
-0.430326
-0.428439
-0.428082
-0.430192
-0.434973
-0.44183
-0.449619
-0.457104
-0.463271
-0.467473
-0.469363
-0.468832
-0.466002
-0.461262
-0.455237
-0.448865
-0.443244
-0.439367
-0.437804
-0.438446
-0.440649
-0.44351
-0.446244
-0.448312
-0.449517
-0.449936
-0.449789
-0.449335
-0.448869
-0.448601
-0.448644
-0.449076
-0.449829
-0.450793
-0.451813
-0.452739
-0.453389
-0.453653
-0.453411
-0.452592
-0.451118
-0.448943
-0.446044
-0.442435
-0.438135
-0.433227
-0.427836
-0.422095
-0.416167
-0.410173
-0.404273
-0.398741
-0.394019
-0.39075
-0.389607
-0.390989
-0.394864
-0.400655
-0.407487
-0.414489
-0.420985
-0.42659
-0.431156
-0.434703
-0.437343
-0.4392
-0.440414
-0.441107
-0.441411
-0.441407
-0.441161
-0.440744
-0.440195
-0.439556
-0.438852
-0.43808
-0.437222
-0.436231
-0.435083
-0.433734
-0.432217
-0.430652
-0.429246
-0.428302
-0.428135
-0.428953
-0.430796
-0.43344
-0.4365
-0.43956
-0.442232
-0.444269
-0.445624
-0.446336
-0.446562
-0.446462
-0.446121
-0.445605
-0.444847
-0.443763
-0.442252
-0.440203
-0.437595
-0.434423
-0.430751
-0.426664
-0.422238
-0.417641
-0.413051
-0.408745
-0.405114
-0.402655
-0.401847
-0.403009
-0.406171
-0.411056
-0.417117
-0.423731
-0.430346
-0.436552
-0.44211
-0.446949
-0.451074
-0.454546
-0.457435
-0.45979
-0.46167
-0.463095
-0.46409
-0.464603
-0.464584
-0.46395
-0.462619
-0.460503
-0.457572
-0.45383
-0.449398
-0.444615
-0.439952
-0.435957
-0.433155
-0.431883
-0.432178
-0.433768
-0.436227
-0.439109
-0.44206
-0.444879
-0.447444
-0.44975
-0.451837
-0.453749
-0.455506
-0.45715
-0.458676
-0.460096
-0.461393
-0.462569
-0.463621
-0.464569
-0.465437
-0.46627
-0.467074
-0.467852
-0.468596
-0.469322
-0.470005
-0.470699
-0.471426
-0.472266
-0.473266
-0.474468
-0.475879
-0.477532
-0.479411
-0.481515
-0.483821
-0.486244
-0.488668
-0.490908
-0.492753
-0.494019
-0.494501
-0.494057
-0.492551
-0.489932
-0.486138
-0.481156
-0.474983
-0.467579
-0.458893
-0.448905
-0.437674
-0.425397
-0.412621
-0.400398
-0.390435
-0.385069
-0.386571
-0.395913
-0.411749
-0.430928
-0.450075
-0.466885
-0.480375
-0.490465
-0.497515
-0.501946
-0.504236
-0.504738
-0.503845
-0.501904
-0.499268
-0.49624
-0.493058
-0.489896
-0.486813
-0.483829
-0.480922
-0.478075
-0.475328
-0.472763
-0.470492
-0.468628
-0.467285
-0.466507
-0.466304
-0.466653
-0.467503
-0.468752
-0.470336
-0.472168
-0.474167
-0.476246
-0.478363
-0.480447
-0.482469
-0.484397
-0.486209
-0.487916
-0.48949
-0.490935
-0.492271
-0.493489
-0.494607
-0.495631
-0.496569
-0.497412
-0.498187
-0.498912
-0.499582
-0.500213
-0.500823
-0.501418
-0.502014
-0.502634
-0.503263
-0.50393
-0.504626
-0.505341
-0.506055
-0.506754
-0.507403
-0.507938
-0.508294
-0.508365
-0.508015
-0.50706
-0.505264
-0.50239
-0.498109
-0.492086
-0.484059
-0.47397
-0.462185
-0.449722
-0.438167
-0.429193
-0.42368
-0.421139
-0.420103
-0.419301
-0.418739
-0.419947
-0.424853
-0.434291
-0.447298
-0.461802
-0.475787
-0.488018
-0.498008
-0.505699
-0.51116
-0.51447
-0.515684
-0.514911
-0.512385
-0.508505
-0.503963
-0.49972
-0.49692
-0.496656
-0.499597
-0.505659
-0.513994
-0.523319
-0.532374
-0.540261
-0.546518
-0.551027
-0.5539
-0.555324
-0.555505
-0.554565
-0.552573
-0.54952
-0.545287
-0.539747
-0.53275
-0.524219
-0.514206
-0.503001
-0.491149
-0.479501
-0.469062
-0.46081
-0.455531
-0.453645
-0.455195
-0.459888
-0.467218
-0.476457
-0.486787
-0.497318
-0.507307
-0.516144
-0.523469
-0.529128
-0.533113
-0.535555
-0.536646
-0.536604
-0.535659
-0.534029
-0.53191
-0.52949
-0.526872
-0.524083
-0.521136
-0.517927
-0.51433
-0.510192
-0.505372
-0.499773
-0.493402
-0.486391
-0.479046
-0.471904
-0.465684
-0.461159
-0.45905
-0.459817
-0.463489
-0.469668
-0.477591
-0.486371
-0.495159
-0.503273
-0.510269
-0.515934
-0.520147
-0.522938
-0.524347
-0.524387
-0.523084
-0.520445
-0.516512
-0.511395
-0.505293
-0.498628
-0.492
-0.486163
-0.481858
-0.479603
-0.479535
-0.481334
-0.484357
-0.487824
-0.490943
-0.493074
-0.493722
-0.492619
-0.489715
-0.485373
-0.480433
-0.476205
-0.474262
-0.475882
-0.481516
-0.490604
-0.501887
-0.513952
-0.525648
-0.536256
-0.545367
-0.552903
-0.558856
-0.563258
-0.566164
-0.567525
-0.567246
-0.565104
-0.560818
-0.554015
-0.544378
-0.531809
-0.516677
-0.500132
-0.484051
-0.470521
-0.460959
-0.455497
-0.453212
-0.453088
-0.454616
-0.457874
-0.463056
-0.47008
-0.478406
-0.487227
-0.495747
-0.503365
-0.509804
-0.515038
-0.519235
-0.522662
-0.525549
-0.528099
-0.530371
-0.532299
-0.533772
-0.534634
-0.534723
-0.533914
-0.532166
-0.529503
-0.526042
-0.522028
-0.517769
-0.513599
-0.509791
-0.506578
-0.504063
-0.502243
-0.501068
-0.50042
-0.500177
-0.50023
-0.500431
-0.500614
-0.500576
-0.500083
-0.498919
-0.496856
-0.493706
-0.48933
-0.483636
-0.476639
-0.468567
-0.459891
-0.451437
-0.444265
-0.439384
-0.437417
-0.438348
-0.441623
-0.446412
-0.451994
-0.457879
-0.463763
-0.469457
-0.474768
-0.479493
-0.483433
-0.486445
-0.488407
-0.489224
-0.488842
-0.487156
-0.484071
-0.479403
-0.472965
-0.464633
-0.454495
-0.44307
-0.431501
-0.421486
-0.414809
-0.412504
-0.414335
-0.418958
-0.424712
-0.430295
-0.435022
-0.438714
-0.441502
-0.443596
-0.445204
-0.446457
-0.447484
-0.448325
-0.449019
-0.44957
-0.449978
-0.450237
-0.450348
-0.450306
-0.450126
-0.449806
-0.449361
-0.448805
-0.448167
-0.447463
-0.446712
-0.445939
-0.445169
-0.444417
-0.443679
-0.442961
-0.442249
-0.441541
-0.440812
-0.440022
-0.439138
-0.438126
-0.436951
-0.435567
-0.433964
-0.432156
-0.430148
-0.427985
-0.425759
-0.423551
-0.421494
-0.419708
-0.418277
-0.417295
-0.416807
-0.416811
-0.417311
-0.418265
-0.419629
-0.421309
-0.423199
-0.425155
-0.427027
-0.428667
-0.429929
-0.430697
-0.430909
-0.4305
-0.429507
-0.427942
-0.425872
-0.423425
-0.420735
-0.417925
-0.415101
-0.412365
-0.409787
-0.407479
-0.405554
-0.404159
-0.403453
-0.403591
-0.40466
-0.406655
-0.409453
-0.412856
-0.416572
-0.420291
-0.423729
-0.426624
-0.428774
-0.43006
-0.430368
-0.4297
-0.428092
-0.425668
-0.422568
-0.419001
-0.415149
-0.411144
-0.40698
-0.402503
-0.397519
-0.391973
-0.386129
-0.380761
-0.376998
-0.375914
-0.378009
-0.382906
-0.389579
-0.396797
-0.40361
-0.409447
-0.41415
-0.417778
-0.420474
-0.422411
-0.42375
-0.424594
-0.425021
-0.42508
-0.424757
-0.424036
-0.42292
-0.421356
-0.419335
-0.416857
-0.413932
-0.410631
-0.407038
-0.403266
-0.399426
-0.395583
-0.391749
-0.387874
-0.383949
-0.379989
-0.37616
-0.372855
-0.370544
-0.369699
-0.370585
-0.37317
-0.377105
-0.381915
-0.387111
-0.392325
-0.397331
-0.401989
-0.406245
-0.410072
-0.413442
-0.416318
-0.41869
-0.420534
-0.421844
-0.422615
-0.422861
-0.422603
-0.421881
-0.420769
-0.419367
-0.417787
-0.416209
-0.414811
-0.413805
-0.413374
-0.41366
-0.414686
-0.416422
-0.418719
-0.42136
-0.424115
-0.426746
-0.429055
-0.430895
-0.432148
-0.432723
-0.432602
-0.431809
-0.430439
-0.42866
-0.426751
-0.425061
-0.424012
-0.42397
-0.425228
-0.427896
-0.431927
-0.4371
-0.443063
-0.449434
-0.455847
-0.461977
-0.467549
-0.472334
-0.476101
-0.478644
-0.479774
-0.479319
-0.477186
-0.473437
-0.468386
-0.462748
-0.457529
-0.453875
-0.452748
-0.454493
-0.458807
-0.464861
-0.471714
-0.478606
-0.485038
-0.490805
-0.495884
-0.500258
-0.503906
-0.506745
-0.508596
-0.509254
-0.50857
-0.50643
-0.502854
-0.498045
-0.492355
-0.486341
-0.480613
-0.475792
-0.472305
-0.470392
-0.470071
-0.471216
-0.473628
-0.477197
-0.481755
-0.487134
-0.493135
-0.499456
-0.50575
-0.511655
-0.516824
-0.52096
-0.523854
-0.525384
-0.525526
-0.524347
-0.52202
-0.518759
-0.514887
-0.510731
-0.506626
-0.50288
-0.499729
-0.497412
-0.496091
-0.495927
-0.497063
-0.499602
-0.503529
-0.508664
-0.514618
-0.520896
-0.526937
-0.532295
-0.536599
-0.53968
-0.541489
-0.542094
-0.541626
-0.540273
-0.538254
-0.535799
-0.533159
-0.530573
-0.528257
-0.52634
-0.524862
-0.52377
-0.522929
-0.52219
-0.521421
-0.520533
-0.519502
-0.518293
-0.516929
-0.515361
-0.513505
-0.511241
-0.508381
-0.504782
-0.500323
-0.494968
-0.488808
-0.482059
-0.475099
-0.468378
-0.462394
-0.457538
-0.454025
-0.451854
-0.450821
-0.450606
-0.450902
-0.451461
-0.452119
-0.45277
-0.453421
-0.454124
-0.454911
-0.455824
-0.45685
-0.457924
-0.458922
-0.459677
-0.460083
-0.460046
-0.459501
-0.458375
-0.456556
-0.453933
-0.450486
-0.446427
-0.4423
-0.438859
-0.43696
-0.437099
-0.439233
-0.44275
-0.446695
-0.450091
-0.452052
-0.451919
-0.449244
-0.443938
-0.436398
-0.427773
-0.419866
-0.414628
-0.413184
-0.415259
-0.419346
-0.423594
-0.426679
-0.428029
-0.427732
-0.426285
-0.424284
-0.422278
-0.420725
-0.419866
-0.419766
-0.420335
-0.421384
-0.422659
-0.423878
-0.424851
-0.425408
-0.425512
-0.425209
-0.424648
-0.424057
-0.423712
-0.423841
-0.424638
-0.426107
-0.428129
-0.430462
-0.432788
-0.434849
-0.436425
-0.437444
-0.437914
-0.437926
-0.437587
-0.436968
-0.436019
-0.434613
-0.432543
-0.42964
-0.425938
-0.421835
-0.41818
-0.416154
-0.416836
-0.420715
-0.427357
-0.435591
-0.443906
-0.450945
-0.455738
-0.45773
-0.456804
-0.453367
-0.44845
-0.443647
-0.440632
-0.440519
-0.443244
-0.447661
-0.452193
-0.455604
-0.457291
-0.45724
-0.455854
-0.453664
-0.451189
-0.448742
-0.446511
-0.444447
-0.442426
-0.440267
-0.437837
-0.435127
-0.432372
-0.430017
-0.428637
-0.428796
-0.430705
-0.434159
-0.438634
-0.443477
-0.448186
-0.452474
-0.456311
-0.459708
-0.46275
-0.465462
-0.467836
-0.469874
-0.471571
-0.472927
-0.473949
-0.474672
-0.47511
-0.47528
-0.475232
-0.474981
-0.474587
-0.474069
-0.473467
-0.472824
-0.472154
-0.47147
-0.470784
-0.470092
-0.469363
-0.46858
-0.467673
-0.466593
-0.465291
-0.463711
-0.461806
-0.459533
-0.456897
-0.45387
-0.450524
-0.446966
-0.443304
-0.439727
-0.436438
-0.433612
-0.431387
-0.429875
-0.429057
-0.42889
-0.429249
-0.430004
-0.431037
-0.432239
-0.433547
-0.434906
-0.436319
-0.437791
-0.439322
-0.440914
-0.442562
-0.444244
-0.445949
-0.447633
-0.449282
-0.450863
-0.452362
-0.453774
-0.455081
-0.456279
-0.457374
-0.458387
-0.459331
-0.460208
-0.461047
-0.461858
-0.462673
-0.463509
-0.464344
-0.465205
-0.46609
-0.466991
-0.467873
-0.468726
-0.46951
-0.470184
-0.470711
-0.471055
-0.471169
-0.470991
-0.470464
-0.469525
-0.468102
-0.466076
-0.463351
-0.459814
-0.455413
-0.450196
-0.444417
-0.438556
-0.433359
-0.429543
-0.427582
-0.427407
-0.428441
-0.429852
-0.431047
-0.431941
-0.433006
-0.435013
-0.438549
-0.443607
-0.449561
-0.45545
-0.460309
-0.46348
-0.464697
-0.46396
-0.461579
-0.458058
-0.454055
-0.4503
-0.447468
-0.446078
-0.446348
-0.448255
-0.45157
-0.455962
-0.461086
-0.466578
-0.472087
-0.477345
-0.482104
-0.486214
-0.489554
-0.492081
-0.49381
-0.494749
-0.494944
-0.494433
-0.493256
-0.491446
-0.489027
-0.486012
-0.482389
-0.478168
-0.473381
-0.468141
-0.462679
-0.457428
-0.453001
-0.450152
-0.449478
-0.451244
-0.455217
-0.460722
-0.466867
-0.472826
-0.477957
-0.481896
-0.484474
-0.485694
-0.485692
-0.484713
-0.483092
-0.481224
-0.479502
-0.478293
-0.477843
-0.47823
-0.479393
-0.481134
-0.483203
-0.485359
-0.487388
-0.489139
-0.490538
-0.491533
-0.49211
-0.492275
-0.492038
-0.491396
-0.490359
-0.488987
-0.487375
-0.485663
-0.484049
-0.482764
-0.48196
-0.481726
-0.482011
-0.482655
-0.483448
-0.48416
-0.484605
-0.484668
-0.484328
-0.483622
-0.48264
-0.481501
-0.480329
-0.479244
-0.478309
-0.477588
-0.477082
-0.476758
-0.476584
-0.476478
-0.476374
-0.476198
-0.475942
-0.475619
-0.475263
-0.474946
-0.474767
-0.474867
-0.475352
-0.476323
-0.47784
-0.479914
-0.482487
-0.485444
-0.488587
-0.491697
-0.494533
-0.496825
-0.498321
-0.498786
-0.497976
-0.495659
-0.491626
-0.485715
-0.477779
-0.467795
-0.455905
-0.442545
-0.428535
-0.415115
-0.40376
-0.395843
-0.392253
-0.39326
-0.398721
-0.40814
-0.420634
-0.434877
-0.449348
-0.462743
-0.474228
-0.483486
-0.490497
-0.495478
-0.49869
-0.500358
-0.500702
-0.499848
-0.497837
-0.494681
-0.490317
-0.484666
-0.47763
-0.469184
-0.459486
-0.448984
-0.43851
-0.429212
-0.422248
-0.418296
-0.417322
-0.418573
-0.420937
-0.423437
-0.425445
-0.426809
-0.427688
-0.428433
-0.429378
-0.430782
-0.432708
-0.435086
-0.437811
-0.440742
-0.4438
-0.446927
-0.450029
-0.452997
-0.455675
-0.457882
-0.459442
-0.460225
-0.460119
-0.459106
-0.457192
-0.454418
-0.450898
-0.446824
-0.442446
-0.438144
-0.434338
-0.431416
-0.429609
-0.428946
-0.429177
-0.429864
-0.430546
-0.430865
-0.430616
-0.429819
-0.428652
-0.427394
-0.426407
-0.425982
-0.426274
-0.427273
-0.428778
-0.430518
-0.432214
-0.433604
-0.43451
-0.4348
-0.434401
-0.433241
-0.431257
-0.428362
-0.424495
-0.419679
-0.414119
-0.408296
-0.402969
-0.399102
-0.397528
-0.398657
-0.402222
-0.407474
-0.413475
-0.419445
-0.424892
-0.429624
-0.433641
-0.437023
-0.439873
-0.442262
-0.444232
-0.445783
-0.446894
-0.447544
-0.447709
-0.447368
-0.446551
-0.445287
-0.443612
-0.441642
-0.439445
-0.437174
-0.434943
-0.432864
-0.431033
-0.42951
-0.428316
-0.42747
-0.42698
-0.42685
-0.42712
-0.427836
-0.429017
-0.430674
-0.432739
-0.435118
-0.437639
-0.440114
-0.442374
-0.444212
-0.445477
-0.446022
-0.445752
-0.444612
-0.442654
-0.440046
-0.4371
-0.434256
-0.432076
-0.431107
-0.431739
-0.434127
-0.438172
-0.44355
-0.449826
-0.45657
-0.463432
-0.470148
-0.476518
-0.482443
-0.487855
-0.492722
-0.49703
-0.50075
-0.503887
-0.506433
-0.50838
-0.50973
-0.510485
-0.510658
-0.510227
-0.509194
-0.507547
-0.505262
-0.502327
-0.498809
-0.494845
-0.490716
-0.486784
-0.483505
-0.481238
-0.480125
-0.479949
-0.480161
-0.479996
-0.478753
-0.476082
-0.472202
-0.467908
-0.464485
-0.463184
-0.464776
-0.469228
-0.47581
-0.483574
-0.491653
-0.499478
-0.506766
-0.513373
-0.519223
-0.524188
-0.528199
-0.531199
-0.533167
-0.534146
-0.534231
-0.533564
-0.53225
-0.530374
-0.527994
-0.525126
-0.521762
-0.517856
-0.513397
-0.508396
-0.502944
-0.49721
-0.491539
-0.486375
-0.482322
-0.479984
-0.479836
-0.482059
-0.486494
-0.492642
-0.499833
-0.507403
-0.514779
-0.521528
-0.527355
-0.532092
-0.535666
-0.538016
-0.539145
-0.539055
-0.537713
-0.535059
-0.531019
-0.525535
-0.518579
-0.510353
-0.50135
-0.492501
-0.48513
-0.480568
-0.479627
-0.482208
-0.487372
-0.493799
-0.500328
-0.506166
-0.510954
-0.514538
-0.51694
-0.518178
-0.518227
-0.516987
-0.514318
-0.510145
-0.504594
-0.498254
-0.492251
-0.488125
-0.487228
-0.489996
-0.495702
-0.502838
-0.509793
-0.515431
-0.519172
-0.520891
-0.520672
-0.518748
-0.515406
-0.510954
-0.50583
-0.500487
-0.495364
-0.490692
-0.486226
-0.4813
-0.475137
-0.467628
-0.460181
-0.455727
-0.457209
-0.465325
-0.477896
-0.491486
-0.503402
-0.512518
-0.518852
-0.522942
-0.525383
-0.526587
-0.526784
-0.525967
-0.524061
-0.520925
-0.51646
-0.510682
-0.503803
-0.496282
-0.488802
-0.482229
-0.477485
-0.475232
-0.475789
-0.478987
-0.484354
-0.491162
-0.498698
-0.506331
-0.51357
-0.520128
-0.525852
-0.530708
-0.534728
-0.537985
-0.540554
-0.54252
-0.543906
-0.544726
-0.544895
-0.544281
-0.542678
-0.539826
-0.535389
-0.529061
-0.52068
-0.510378
-0.49878
-0.487021
-0.476503
-0.468368
-0.46306
-0.460279
-0.459371
-0.459828
-0.461448
-0.464219
-0.468087
-0.472845
-0.478142
-0.48354
-0.48865
-0.493212
-0.497042
-0.500079
-0.502347
-0.503867
-0.504738
-0.505025
-0.504803
-0.504147
-0.503134
-0.501842
-0.500335
-0.498682
-0.496959
-0.495242
-0.493599
-0.492082
-0.490721
-0.489525
-0.488483
-0.487535
-0.486585
-0.485514
-0.484174
-0.482406
-0.48008
-0.477108
-0.473464
-0.469252
-0.464718
-0.46018
-0.45601
-0.452469
-0.449618
-0.447289
-0.445261
-0.443335
-0.441509
-0.439908
-0.438707
-0.438046
-0.437911
-0.43827
-0.439185
-0.440909
-0.443955
-0.448761
-0.455512
-0.463897
-0.47318
-0.482456
-0.490928
-0.498051
-0.503524
-0.507222
-0.509132
-0.509196
-0.50731
-0.503371
-0.497346
-0.48945
-0.480412
-0.471589
-0.464869
-0.4619
-0.463253
-0.468052
-0.47449
-0.480724
-0.485509
-0.488349
-0.489382
-0.489064
-0.48803
-0.48692
-0.48625
-0.486346
-0.487364
-0.489204
-0.491669
-0.494451
-0.497267
-0.499824
-0.501915
-0.503368
-0.504064
-0.503919
-0.502874
-0.500898
-0.497959
-0.494077
-0.489375
-0.484089
-0.478739
-0.474053
-0.470947
-0.470289
-0.472575
-0.477733
-0.485083
-0.493591
-0.502215
-0.510157
-0.51694
-0.522377
-0.526499
-0.529409
-0.53123
-0.532039
-0.531835
-0.530541
-0.527993
-0.52399
-0.518356
-0.511015
-0.502092
-0.492049
-0.481752
-0.472454
-0.46547
-0.461799
-0.461617
-0.464229
-0.468331
-0.472498
-0.475513
-0.476549
-0.475246
-0.47181
-0.467115
-0.462755
-0.460543
-0.461704
-0.46614
-0.47255
-0.479113
-0.48432
-0.487335
-0.487955
-0.48645
-0.483402
-0.479509
-0.475575
-0.47236
-0.470381
-0.469939
-0.470946
-0.473014
-0.475572
-0.478016
-0.479801
-0.480549
-0.480025
-0.478144
-0.474952
-0.470597
-0.465338
-0.459499
-0.453503
-0.447806
-0.442881
-0.439097
-0.436677
-0.435635
-0.435777
-0.436742
-0.438108
-0.439418
-0.440311
-0.440535
-0.439981
-0.438694
-0.43689
-0.434857
-0.432999
-0.431708
-0.431304
-0.431913
-0.433494
-0.435838
-0.438669
-0.441677
-0.444634
-0.447387
-0.449836
-0.451963
-0.453765
-0.455233
-0.456385
-0.457215
-0.457684
-0.457746
-0.457327
-0.456356
-0.454747
-0.452437
-0.449404
-0.445723
-0.441534
-0.437162
-0.433058
-0.429772
-0.427854
-0.427664
-0.429249
-0.432223
-0.435847
-0.439106
-0.44104
-0.440948
-0.438778
-0.43527
-0.431945
-0.43056
-0.432217
-0.436755
-0.442829
-0.448717
-0.453057
-0.455117
-0.454715
-0.452013
-0.447328
-0.441058
-0.433654
-0.425648
-0.417709
-0.410534
-0.40481
-0.401013
-0.399381
-0.399815
-0.40196
-0.405374
-0.409607
-0.414269
-0.419067
-0.423756
-0.428143
-0.432098
-0.435516
-0.438313
-0.440417
-0.441753
-0.442259
-0.441821
-0.440334
-0.437704
-0.433893
-0.428892
-0.422839
-0.416045
-0.409017
-0.402467
-0.397222
-0.394073
-0.393487
-0.395498
-0.399634
-0.405146
-0.411202
-0.417105
-0.422379
-0.4268
-0.430267
-0.432856
-0.434649
-0.435789
-0.436387
-0.43655
-0.436367
-0.435885
-0.435154
-0.434201
-0.433042
-0.431695
-0.430192
-0.428546
-0.42681
-0.425037
-0.423322
-0.421762
-0.42041
-0.41935
-0.418603
-0.418156
-0.417949
-0.417895
-0.417898
-0.417875
-0.417757
-0.41755
-0.417282
-0.417027
-0.416868
-0.416912
-0.41725
-0.417924
-0.418926
-0.420188
-0.421564
-0.422844
-0.423761
-0.424061
-0.423498
-0.421871
-0.419162
-0.415547
-0.411492
-0.407723
-0.404981
-0.403764
-0.403982
-0.4049
-0.405282
-0.403774
-0.399307
-0.391711
-0.38232
-0.374293
-0.371704
-0.377119
-0.389734
-0.40605
-0.422296
-0.436155
-0.446875
-0.454634
-0.459952
-0.463346
-0.465196
-0.465735
-0.465094
-0.463312
-0.460444
-0.456555
-0.451778
-0.446362
-0.440673
-0.435153
-0.430279
-0.426481
-0.424047
-0.423106
-0.423618
-0.42538
-0.428141
-0.431588
-0.43538
-0.439215
-0.442759
-0.445798
-0.448114
-0.449564
-0.450044
-0.449501
-0.447982
-0.445629
-0.442753
-0.439891
-0.437768
-0.43714
-0.438561
-0.44216
-0.447566
-0.454056
-0.460801
-0.467107
-0.472546
-0.476913
-0.480169
-0.482413
-0.483776
-0.484393
-0.4844
-0.483898
-0.48299
-0.481757
-0.480235
-0.478511
-0.476621
-0.474614
-0.472554
-0.470492
-0.468511
-0.466699
-0.465139
-0.463919
-0.463108
-0.462776
-0.462936
-0.463615
-0.464781
-0.466366
-0.468298
-0.470465
-0.47276
-0.47509
-0.477334
-0.479419
-0.481268
-0.482834
-0.484047
-0.484902
-0.485381
-0.485482
-0.485189
-0.484522
-0.483468
-0.482033
-0.480232
-0.478048
-0.475478
-0.472548
-0.46929
-0.465781
-0.462135
-0.458553
-0.455278
-0.452575
-0.450693
-0.449784
-0.449879
-0.450842
-0.452477
-0.454525
-0.456704
-0.458811
-0.460687
-0.462214
-0.463326
-0.464004
-0.464238
-0.464071
-0.463582
-0.462884
-0.462161
-0.461675
-0.461662
-0.462371
-0.463964
-0.466469
-0.469759
-0.473567
-0.477532
-0.481311
-0.484543
-0.486982
-0.488448
-0.488863
-0.488208
-0.486562
-0.484054
-0.480886
-0.477282
-0.473553
-0.47003
-0.467081
-0.465077
-0.46429
-0.464857
-0.466707
-0.469578
-0.473112
-0.476937
-0.480733
-0.484279
-0.487452
-0.490186
-0.492455
-0.49422
-0.495431
-0.495995
-0.495785
-0.494645
-0.492397
-0.488894
-0.484137
-0.478373
-0.47217
-0.466413
-0.462075
-0.45985
-0.459836
-0.461523
-0.464043
-0.466591
-0.468691
-0.470139
-0.470971
-0.471325
-0.47134
-0.471131
-0.47075
-0.470272
-0.469774
-0.469421
-0.469384
-0.469869
-0.47106
-0.472991
-0.475607
-0.478685
-0.481942
-0.485125
-0.487989
-0.490367
-0.492191
-0.493455
-0.494207
-0.494472
-0.494333
-0.493855
-0.493102
-0.49215
-0.491078
-0.489987
-0.488973
-0.488149
-0.48762
-0.487473
-0.487738
-0.488412
-0.489402
-0.490617
-0.491911
-0.493126
-0.494121
-0.494794
-0.495059
-0.494862
-0.494214
-0.493134
-0.491672
-0.489928
-0.487989
-0.485985
-0.484017
-0.482207
-0.480661
-0.479493
-0.478805
-0.478676
-0.479165
-0.480315
-0.482121
-0.48453
-0.487431
-0.490687
-0.494135
-0.497581
-0.500868
-0.503861
-0.506465
-0.508666
-0.510495
-0.512044
-0.513444
-0.514854
-0.516395
-0.518113
-0.519993
-0.521947
-0.52381
-0.525418
-0.526613
-0.527262
-0.52731
-0.526722
-0.525528
-0.52385
-0.521807
-0.519547
-0.517241
-0.515051
-0.513093
-0.511413
-0.510034
-0.508945
-0.508135
-0.50762
-0.507424
-0.507569
-0.50803
-0.508651
-0.509172
-0.509176
-0.508164
-0.505609
-0.501131
-0.494665
-0.486639
-0.478068
-0.470299
-0.464489
-0.461011
-0.45929
-0.458149
-0.456536
-0.454091
-0.451462
-0.450164
-0.451875
-0.457447
-0.466269
-0.4766
-0.486498
-0.494551
-0.500148
-0.503318
-0.504465
-0.504197
-0.503128
-0.501787
-0.500524
-0.499499
-0.498683
-0.49792
-0.497063
-0.495963
-0.494562
-0.492903
-0.491081
-0.489273
-0.487611
-0.486214
-0.485102
-0.48425
-0.483561
-0.482891
-0.482111
-0.481117
-0.479856
-0.478308
-0.476508
-0.474508
-0.472413
-0.470336
-0.468367
-0.466618
-0.465177
-0.464099
-0.463409
-0.463109
-0.46312
-0.463336
-0.463629
-0.463872
-0.463948
-0.46377
-0.463291
-0.462458
-0.461303
-0.459815
-0.458029
-0.455982
-0.453718
-0.451284
-0.448716
-0.446039
-0.443302
-0.44054
-0.437796
-0.435077
-0.432411
-0.429855
-0.427439
-0.425185
-0.423145
-0.421346
-0.419829
-0.418626
-0.417752
-0.417241
-0.417067
-0.417209
-0.417601
-0.418155
-0.418759
-0.419349
-0.419846
-0.420215
-0.420496
-0.420768
-0.421149
-0.421778
-0.422804
-0.424319
-0.426366
-0.428909
-0.431883
-0.435141
-0.438541
-0.441914
-0.445117
-0.448041
-0.450601
-0.452719
-0.454373
-0.455542
-0.45622
-0.456447
-0.456202
-0.455526
-0.454421
-0.452912
-0.451071
-0.448939
-0.446609
-0.44417
-0.441746
-0.439466
-0.437457
-0.435822
-0.434614
-0.43384
-0.433476
-0.43345
-0.433672
-0.434031
-0.434512
-0.43516
-0.436123
-0.437585
-0.439721
-0.442607
-0.446195
-0.450277
-0.454535
-0.458621
-0.462295
-0.465376
-0.467768
-0.469495
-0.470645
-0.471354
-0.471771
-0.47206
-0.472338
-0.472743
-0.473352
-0.474216
-0.475336
-0.476686
-0.478207
-0.479805
-0.481372
-0.482823
-0.484043
-0.484923
-0.48539
-0.485397
-0.484921
-0.483991
-0.48268
-0.481143
-0.479595
-0.478292
-0.477503
-0.477447
-0.478239
-0.479871
-0.482244
-0.485138
-0.488303
-0.491462
-0.494374
-0.49684
-0.498685
-0.49975
-0.49992
-0.4991
-0.497255
-0.494463
-0.490958
-0.487168
-0.483726
-0.481298
-0.480428
-0.481321
-0.483743
-0.487136
-0.490843
-0.494279
-0.49706
-0.499003
-0.500096
-0.500412
-0.500059
-0.499173
-0.497888
-0.496322
-0.494575
-0.492742
-0.490909
-0.489152
-0.487565
-0.486223
-0.485197
-0.484539
-0.484292
-0.484453
-0.484969
-0.485766
-0.486759
-0.487832
-0.488901
-0.489936
-0.490939
-0.491956
-0.493097
-0.494403
-0.495957
-0.497752
-0.499724
-0.501743
-0.50366
-0.505287
-0.506443
-0.506965
-0.50668
-0.505458
-0.50319
-0.499828
-0.495439
-0.490258
-0.484738
-0.479525
-0.47536
-0.472885
-0.472397
-0.473713
-0.476315
-0.47954
-0.48286
-0.485976
-0.488919
-0.491884
-0.495126
-0.498856
-0.503122
-0.507861
-0.512906
-0.518033
-0.523038
-0.527739
-0.532028
-0.535835
-0.539096
-0.541773
-0.543864
-0.545366
-0.546304
-0.546729
-0.5467
-0.546304
-0.545621
-0.544765
-0.543855
-0.542966
-0.542176
-0.541522
-0.540991
-0.540531
-0.540063
-0.539488
-0.538715
-0.537699
-0.53642
-0.534922
-0.533282
-0.531611
-0.530032
-0.528661
-0.527593
-0.526879
-0.526505
-0.526438
-0.526568
-0.526775
-0.526917
-0.526882
-0.526563
-0.525883
-0.524797
-0.523248
-0.521216
-0.518647
-0.515487
-0.511641
-0.507036
-0.50161
-0.495443
-0.488773
-0.482082
-0.476023
-0.471266
-0.468308
-0.467224
-0.467688
-0.469125
-0.470928
-0.472644
-0.474039
-0.475111
-0.476006
-0.4769
-0.477974
-0.479339
-0.480956
-0.482695
-0.484382
-0.48584
-0.486923
-0.487559
-0.487777
-0.487629
-0.487204
-0.486569
-0.485792
-0.484889
-0.483818
-0.482501
-0.48081
-0.478548
-0.475453
-0.471211
-0.465507
-0.458056
-0.448717
-0.437598
-0.425166
-0.412376
-0.400754
-0.392387
-0.389432
-0.393059
-0.402431
-0.415036
-0.427872
-0.438654
-0.446277
-0.45057
-0.451922
-0.451027
-0.448697
-0.445766
-0.442942
-0.440776
-0.439488
-0.439005
-0.439025
-0.439078
-0.438686
-0.437451
-0.4351
-0.43158
-0.42709
-0.422083
-0.417288
-0.413521
-0.41145
-0.411338
-0.41297
-0.415785
-0.419103
-0.422373
-0.425315
-0.427806
-0.429856
-0.431466
-0.432635
-0.433334
-0.433581
-0.433418
-0.432944
-0.432319
-0.431735
-0.431384
-0.431412
-0.431906
-0.432854
-0.434158
-0.435652
-0.437157
-0.438509
-0.439555
-0.440229
-0.440508
-0.440413
-0.439992
-0.4393
-0.438439
-0.437499
-0.436555
-0.435669
-0.434869
-0.43414
-0.433421
-0.432564
-0.431367
-0.429556
-0.426841
-0.422969
-0.417851
-0.41174
-0.405403
-0.400091
-0.397191
-0.397586
-0.401188
-0.406959
-0.413456
-0.419458
-0.424312
-0.427885
-0.430407
