0.044201
0.0443103
0.0444575
0.0446421
0.0448583
0.0450952
0.0453395
0.0455774
0.0457975
0.0459933
0.0461648
0.0463198
0.0464728
0.0466431
0.0468521
0.0471196
0.0474606
0.0478821
0.0483823
0.0489511
0.0495727
0.0502312
0.0509157
0.0516262
0.0523757
0.0531889
0.054095
0.055115
0.0562425
0.0574225
0.0585357
0.0594041
0.0598289
0.0596583
0.0588492
0.0574858
0.0557416
0.0538155
0.0518799
0.0500588
0.04843
0.0470374
0.0459029
0.045034
0.0444273
0.0440698
0.0439391
0.044005
0.0442318
0.0445822
0.0450217
0.0455214
0.0460587
0.0466155
0.0471744
0.047714
0.0482072
0.0486205
0.0489182
0.0490677
0.0490462
0.0488471
0.0484825
0.0479831
0.0473927
0.0467613
0.0461369
0.0455597
0.0450581
0.0446489
0.0443394
0.0441306
0.0440217
0.044013
0.044108
0.0443145
0.0446428
0.0451049
0.0457112
0.0464698
0.0473862
0.0484641
0.0497061
0.0511072
0.0526348
0.0541933
0.0555892
0.0565365
0.0567417
0.0560481
0.0545384
0.0525027
0.0503013
0.0482333
0.046484
0.0451392
0.0442247
0.0437407
0.0436822
0.0440436
0.0448133
0.0459566
0.0473919
0.0489676
0.0504586
0.0516033
0.0521852
0.0521217
0.0514998
0.0505306
0.0494593
0.0484895
0.0477495
0.0472934
0.0471163
0.0471696
0.0473732
0.0476271
0.0478252
0.0478718
0.0476996
0.0472821
0.0466374
0.0458209
0.0449106
0.0439898
0.043132
0.042393
0.0418072
0.041389
0.0411368
0.0410363
0.0410647
0.0411941
0.0413932
0.0416306
0.0418763
0.042104
0.0422927
0.042428
0.0425031
0.0425177
0.042478
0.0423946
0.0422812
0.0421526
0.0420228
0.0419039
0.0418049
0.0417308
0.0416825
0.0416579
0.0416529
0.0416634
0.0416879
0.0417297
0.0417992
0.0419145
0.042102
0.0423956
0.0428344
0.0434596
0.0443092
0.0454099
0.0467669
0.0483507
0.050085
0.0518425
0.0534558
0.0547495
0.0555868
0.0559113
0.0557636
0.0552627
0.0545633
0.053812
0.0531164
0.0525341
0.0520775
0.0517283
0.0514557
0.0512336
0.0510526
0.050925
0.0508814
0.050961
0.0511988
0.051612
0.0521892
0.0528851
0.0536216
0.0542994
0.0548178
0.0550978
0.0550991
0.0548245
0.0543104
0.0536107
0.0527806
0.0518677
0.0509087
0.0499315
0.0489583
0.0480088
0.0471024
0.0462586
0.0454975
0.0448387
0.0443014
0.0439034
0.0436608
0.0435877
0.043695
0.0439896
0.0444719
0.045133
0.0459522
0.046894
0.0479084
0.0489337
0.0499031
0.0507534
0.0514334
0.0519092
0.0521648
0.0521998
0.0520254
0.0516612
0.0511322
0.0504665
0.0496935
0.0488413
0.0479357
0.0469983
0.0460473
0.0450965
0.0441566
0.0432356
0.0423398
0.0414749
0.0406471
0.0398642
0.0391362
0.0384757
0.0378975
0.037418
0.0370536
0.0368195
0.0367273
0.0367834
0.0369863
0.0373253
0.0377798
0.0383201
0.0389115
0.0395191
0.0401137
0.040676
0.0411972
0.0416744
0.0421046
0.0424786
0.0427785
0.0429804
0.043061
0.043005
0.0428098
0.0424871
0.0420592
0.0415537
0.0409984
0.0404168
0.0398271
0.0392414
0.038667
0.038108
0.037567
0.037046
0.036548
0.036077
0.035639
0.0352415
0.0348932
0.0346039
0.0343837
0.0342428
0.034191
0.0342374
0.0343902
0.0346569
0.0350433
0.0355537
0.0361897
0.0369493
0.0378256
0.0388051
0.0398672
0.0409849
0.0421269
0.0432621
0.0443643
0.0454167
0.0464138
0.0473602
0.0482672
0.0491472
0.0500079
0.0508465
0.0516457
0.0523727
0.0529827
0.0534282
0.0536709
0.0536953
0.0535172
0.0531853
0.0527734
0.0523661
0.0520422
0.0518593
0.0518442
0.0519898
0.0522579
0.0525871
0.0529054
0.0531433
0.0532471
0.0531877
0.0529634
0.0525964
0.0521233
0.051585
0.0510168
0.0504427
0.0498745
0.0493137
0.0487565
0.0481994
0.0476436
0.047098
0.0465792
0.0461097
0.0457147
0.045418
0.0452378
0.0451835
0.0452528
0.0454291
0.0456808
0.0459633
0.0462238
0.0464097
0.0464787
0.0464075
0.0461959
0.045865
0.0454501
0.0449927
0.0445329
0.0441062
0.0437427
0.0434687
0.0433091
0.0432889
0.0434344
0.0437727
0.0443294
0.045126
0.0461749
0.0474746
0.0490019
0.0507039
0.0524882
0.0542166
0.05571
0.0567727
0.0572392
0.0570296
0.0561839
0.0548549
0.0532602
0.0516186
0.0501007
0.0488073
0.0477726
0.0469816
0.0463908
0.0459468
0.0455983
0.0453034
0.0450314
0.0447623
0.0444838
0.0441891
0.0438745
0.043538
0.0431792
0.0427999
0.0424057
0.0420077
0.0416236
0.0412775
0.0409988
0.0408196
0.04077
0.0408739
0.0411431
0.0415722
0.0421339
0.0427757
0.0434215
0.0439784
0.044354
0.0444792
0.044333
0.0439558
0.0434429
0.0429202
0.0425129
0.0423189
0.0423953
0.042756
0.0433772
0.0442089
0.0451867
0.0462462
0.0473354
0.0484233
0.0495028
0.0505846
0.0516843
0.0528067
0.0539308
0.0550042
0.055949
0.0566797
0.0571277
0.0572603
0.0570885
0.0566605
0.0560482
0.0553312
0.0545832
0.0538617
0.0532038
0.0526271
0.0521354
0.0517279
0.051408
0.0511874
0.0510848
0.0511198
0.051305
0.0516378
0.0520974
0.0526458
0.0532338
0.05381
0.054332
0.0547755
0.0551407
0.0554524
0.0557515
0.056077
0.0564416
0.0568098
0.0570948
0.0571899
0.0570289
0.0566413
0.0561623
0.055785
0.0556852
0.0559594
0.0565987
0.0574947
0.0584729
0.0593438
0.0599603
0.0602631
0.0602946
0.0601785
0.0600756
0.0601374
0.0604709
0.0611169
0.0620413
0.0631405
0.0642629
0.065249
0.0659805
0.0664211
0.0666284
0.066725
0.0668361
0.0670184
0.067213
0.0672484
0.0669043
0.0660135
0.0645491
0.0626435
0.0605321
0.0584703
0.0566703
0.0552772
0.0543707
0.0539744
0.0540611
0.0545496
0.0552986
0.0561096
0.0567532
0.0570237
0.0568057
0.0561118
0.0550668
0.0538481
0.0526201
0.0514941
0.0505196
0.0496955
0.0489885
0.0483507
0.047734
0.0470995
0.0464245
0.0457043
0.0449519
0.0441937
0.0434643
0.0428003
0.0422361
0.0418015
0.04152
0.04141
0.0414844
0.0417512
0.0422125
0.0428629
0.043688
0.0446629
0.0457538
0.0469213
0.0481243
0.0493216
0.0504662
0.0514916
0.0522984
0.0527565
0.0527352
0.0521558
0.0510366
0.049497
0.0477172
0.0458813
0.0441342
0.042567
0.0412226
0.0401106
0.0392207
0.0385337
0.038027
0.0376783
0.0374668
0.0373739
0.0373828
0.0374791
0.0376505
0.0378873
0.0381828
0.0385336
0.0389403
0.0394058
0.0399332
0.0405212
0.0411582
0.0418155
0.0424454
0.0429852
0.0433717
0.0435626
0.0435552
0.043392
0.0431506
0.0429203
0.0427782
0.042774
0.042925
0.0432212
0.0436364
0.0441409
0.0447117
0.0453393
0.0460281
0.0467915
0.0476447
0.0485974
0.0496497
0.05079
0.0519978
0.0532456
0.0545008
0.0557245
0.0568671
0.0578623
0.0586249
0.0590568
0.0590658
0.0585933
0.0576395
0.0562704
0.0546019
0.0527687
0.0508942
0.049072
0.0473622
0.0457964
0.0443863
0.0431325
0.0420307
0.041076
0.0402656
0.0395997
0.0390825
0.0387222
0.0385307
0.0385228
0.0387134
0.0391148
0.0397302
0.040546
0.0415229
0.0425894
0.0436429
0.0445633
0.0452402
0.0456041
0.0456459
0.0454147
0.0449945
0.0444747
0.0439285
0.0434038
0.0429251
0.0425008
0.0421301
0.0418092
0.0415342
0.0413033
0.0411169
0.0409768
0.0408854
0.0408437
0.0408507
0.0409027
0.0409941
0.0411189
0.0412724
0.0414525
0.0416585
0.04189
0.0421441
0.0424141
0.0426892
0.0429579
0.0432099
0.0434386
0.0436413
0.0438186
0.0439731
0.0441113
0.0442454
0.0443961
0.0445942
0.0448789
0.0452944
0.0458853
0.0466914
0.047744
0.0490639
0.0506615
0.0525374
0.0546856
0.0570959
0.0597564
0.0626531
0.0657648
0.069051
0.0724322
0.0757633
0.0788019
0.0811833
0.0824419
0.082144
0.080129
0.0766814
0.0724337
0.0680674
0.0640692
0.0606758
0.0579438
0.0558393
0.0542969
0.0532447
0.052611
0.0523225
0.0523041
0.0524804
0.0527809
0.0531456
0.0535304
0.0539081
0.0542647
0.0545932
0.0548849
0.0551249
0.0552902
0.0553533
0.0552871
0.0550696
0.0546884
0.0541408
0.0534337
0.0525812
0.0516027
0.05052
0.0493564
0.0481351
0.0468782
0.045606
0.0443369
0.0430865
0.0418683
0.040693
0.0395691
0.0385034
0.0375012
0.0365666
0.0357032
0.0349138
0.0342007
0.0335657
0.0330101
0.0325347
0.0321394
0.0318239
0.0315874
0.0314284
0.0313458
0.0313381
0.0314043
0.0315436
0.0317562
0.0320431
0.0324066
0.0328509
0.0333819
0.0340084
0.0347425
0.0355999
0.0366014
0.0377734
0.0391488
0.0407676
0.042677
0.0449285
0.0475709
0.0506345
0.0541023
0.0578693
0.061709
0.0652869
0.0682623
0.0704522
0.0719339
0.0729699
0.0737863
0.0743703
0.074444
0.0736616
0.0718903
0.0693364
0.0664175
0.0635382
0.0609611
0.0588059
0.0571073
0.0558663
0.055076
0.054724
0.0547839
0.055201
0.0558788
0.0566677
0.0573656
0.0577382
0.0575706
0.0567393
0.05527
0.0533387
0.0512078
0.0491383
0.0473263
0.0458833
0.0448493
0.0442188
0.0439641
0.0440535
0.0444614
0.0451738
0.0461897
0.0475192
0.0491775
0.0511762
0.05351
0.0561415
0.0589863
0.0619037
0.0647006
0.0671529
0.0690426
0.0701991
0.0705269
0.0700126
0.0687145
0.0667469
0.0642673
0.0614621
0.0585265
0.0556394
0.052944
0.0505373
0.0484722
0.0467646
0.0454043
0.0443641
0.0436067
0.04309
0.042771
0.0426093
0.0425707
0.0426307
0.0427768
0.04301
0.043343
0.0437971
0.0443968
0.0451632
0.0461059
0.0472151
0.0484513
0.0497386
0.050961
0.0519693
0.0526009
0.0527126
0.0522177
0.0511141
0.0494906
0.0475055
0.0453499
0.0432078
0.0412292
0.0395194
0.0381417
0.0371278
0.0364889
0.0362259
0.0363355
0.0368132
0.0376514
0.0388347
0.0403308
0.0420797
0.0439843
0.0459083
0.0476903
0.0491743
0.0502512
0.0508917
0.0511535
0.051161
0.0510699
0.0510338
0.0511827
0.0516115
0.0523718
0.0534582
0.0547887
0.0561853
0.057378
0.0580576
0.0579779
0.0570581
0.0554158
0.0533077
0.0510257
0.0488163
0.0468493
0.0452229
0.0439853
0.0431558
0.0427411
0.0427474
0.0431876
0.0440861
0.0454807
0.0474214
0.0499616
0.0531395
0.0569414
0.0612519
0.0658084
0.0702085
0.0740149
0.0769274
0.0788951
0.0800627
0.0806076
0.0806171
0.0800839
0.0789835
0.0773517
0.0753102
0.0730352
0.0707041
0.0684526
0.0663581
0.0644441
0.0626958
0.0610792
0.059559
0.0581125
0.0567369
0.0554491
0.0542804
0.0532679
0.0524469
0.0518435
0.0514695
0.0513176
0.0513588
0.0515438
0.0518082
0.0520827
0.0523043
0.0524274
0.052428
0.0523035
0.0520668
0.0517396
0.0513478
0.0509198
0.0504886
0.0500928
0.0497773
0.0495902
0.049579
0.049787
0.0502492
0.0509896
0.0520159
0.0533103
0.0548151
0.0564172
0.057942
0.0591734
0.0599074
0.0600206
0.0595147
0.0585017
0.057145
0.0555972
0.0539697
0.0523367
0.0507531
0.0492698
0.0479379
0.0468058
0.045914
0.0452927
0.0449635
0.0449433
0.0452487
0.0459001
0.0469215
0.0483352
0.0501459
0.0523112
0.0547014
0.0570678
0.0590595
0.0603218
0.0606496
0.0600875
0.0588906
0.0573822
0.0558229
0.0543601
0.053044
0.0518674
0.0508009
0.0498131
0.0488799
0.0479863
0.0471249
0.0462939
0.0454944
0.0447294
0.0440025
0.0433168
0.0426749
0.0420784
0.0415276
0.041022
0.0405596
0.0401378
0.0397533
0.0394026
0.0390824
0.0387897
0.0385228
0.0382811
0.0380654
0.0378783
0.0377237
0.0376073
0.0375354
0.0375155
0.0375547
0.0376596
0.037835
0.0380829
0.0384011
0.0387822
0.0392126
0.0396729
0.0401382
0.0405813
0.0409748
0.0412949
0.0415237
0.04165
0.0416698
0.0415848
0.0414032
0.0411387
0.0408121
0.0404506
0.0400866
0.0397555
0.0394923
0.0393284
0.0392894
0.0393929
0.0396476
0.0400526
0.0405976
0.0412628
0.042021
0.0428403
0.0436874
0.0445306
0.0453416
0.0460938
0.0467591
0.0473048
0.0476932
0.0478854
0.0478492
0.0475678
0.0470469
0.0463173
0.0454318
0.044459
0.0434741
0.0425504
0.0417525
0.0411322
0.040727
0.0405593
0.040637
0.0409526
0.0414839
0.0421945
0.0430391
0.0439722
0.0449611
0.0459957
0.0470894
0.0482618
0.0495053
0.0507446
0.0518151
0.052488
0.0525525
0.0519176
0.0506632
0.0490019
0.0471854
0.045421
0.0438374
0.0424914
0.0413919
0.0405233
0.0398621
0.0393855
0.0390759
0.0389212
0.0389152
0.0390557
0.0393437
0.039781
0.0403693
0.0411073
0.0419893
0.0430029
0.0441284
0.0453391
0.0466041
0.047893
0.0491818
0.0504563
0.0517105
0.0529386
0.0541205
0.0552077
0.0561183
0.0567494
0.0570059
0.0568358
0.0562508
0.0553206
0.0541465
0.0528313
0.051459
0.0500891
0.0487604
0.047498
0.0463202
0.0452419
0.0442763
0.0434347
0.0427264
0.0421575
0.0417308
0.0414453
0.0412959
0.0412725
0.0413595
0.0415345
0.0417677
0.042022
0.0422549
0.0424224
0.0424857
0.0424184
0.0422123
0.04188
0.041453
0.040976
0.0404995
0.0400734
0.0397415
0.0395394
0.0394931
0.0396183
0.0399199
0.0403894
0.0410034
0.04172
0.0424788
0.0432028
0.0438074
0.0442132
0.044362
0.0442296
0.0438312
0.0432166
0.0424594
0.041643
0.0408498
0.0401545
0.0396217
0.0393068
0.0392586
0.0395204
0.0401299
0.0411146
0.042482
0.0442033
0.046194
0.0483001
0.0503044
0.0519681
0.0531001
0.0536244
0.0536011
0.0531893
0.052579
0.0519321
0.0513561
0.0509068
0.0506072
0.0504689
0.0505081
0.0507516
0.0512363
0.0520009
0.0530762
0.0544746
0.0561807
0.0581439
0.0602761
0.0624567
0.0645472
0.0664147
0.0679572
0.0691187
0.0698891
0.0702887
0.0703506
0.070109
0.0695985
0.0688601
0.0679482
0.0669323
0.0658929
0.0649142
0.0640751
0.063442
0.0630632
0.0629658
0.0631547
0.0636125
0.0643015
0.0651659
0.0661363
0.0671353
0.0680841
0.0689095
0.0695484
0.0699492
0.0700693
0.0698724
0.0693292
0.0684236
0.067166
0.0656034
0.0638217
0.061934
0.0600607
0.058309
0.056759
0.0554591
0.0544281
0.0536607
0.0531346
0.0528148
0.0526578
0.0526139
0.0526305
0.0526564
0.0526481
0.0525764
0.0524314
0.0522223
0.0519731
0.0517144
0.0514742
0.051273
0.0511215
0.051025
0.0509882
0.0510218
0.0511458
0.0513885
0.0517825
0.0523568
0.0531294
0.0540986
0.0552373
0.0564892
0.05777
0.0589762
0.0600009
0.0607567
0.0611946
0.0613125
0.0611483
0.0607627
0.06022
0.0595749
0.0588666
0.0581183
0.0573396
0.05653
0.055685
0.0548037
0.053895
0.0529802
0.05209
0.051257
0.050509
0.0498662
0.0493444
0.0489608
0.048736
0.048687
0.0488091
0.0490528
0.0493092
0.049422
0.0492335
0.0486497
0.0476876
0.0464745
0.0452042
0.0440818
0.0432872
0.0429579
0.043179
0.0439637
0.0452179
0.0467075
0.0480728
0.0489361
0.0490756
0.0485456
0.0476319
0.0466842
0.0459631
0.0455817
0.0455273
0.0457118
0.046019
0.046337
0.046579
0.0466926
0.0466622
0.0465045
0.0462593
0.0459785
0.0457151
0.0455137
0.0454044
0.0453982
0.0454855
0.0456368
0.0458067
0.0459425
0.0459954
0.0459347
0.0457573
0.0454904
0.0451849
0.0449026
0.0447012
0.0446229
0.0446882
0.0448968
0.0452334
0.0456779
0.0462172
0.0468548
0.0476123
0.048521
0.0496016
0.0508336
0.0521252
0.0533004
0.0541276
0.0543982
0.0540257
0.0531007
0.0518626
0.0506113
0.049621
0.0490925
0.0491395
0.0497823
0.0509334
0.0523833
0.0538176
0.0549033
0.0554268
0.0553994
0.0550386
0.0546416
0.0544496
0.0545814
0.0550382
0.0557438
0.0565909
0.0574771
0.058328
0.0591056
0.0598055
0.0604458
0.0610523
0.0616417
0.0622043
0.0626904
0.0630077
0.0630394
0.0626846
0.061904
0.0607424
0.0593113
0.0577426
0.0561445
0.0545815
0.0530784
0.0516378
0.0502563
0.0489332
0.0476724
0.0464801
0.0453618
0.044321
0.0433585
0.0424735
0.041664
0.0409272
0.0402596
0.039657
0.0391148
0.0386278
0.038191
0.0377999
0.0374511
0.0371434
0.0368775
0.0366566
0.0364866
0.0363754
0.0363326
0.0363687
0.0364946
0.03672
0.0370529
0.0374974
0.0380528
0.0387113
0.0394568
0.0402638
0.0410976
0.0419162
0.0426746
0.0433298
0.0438475
0.0442069
0.0444031
0.0444463
0.0443577
0.0441638
0.0438911
0.0435616
0.0431915
0.0427906
0.0423643
0.0419151
0.0414451
0.0409572
0.0404556
0.0399466
0.0394377
0.0389369
0.0384527
0.0379924
0.0375627
0.0371686
0.0368135
0.0364995
0.0362272
0.0359959
0.0358044
0.0356504
0.0355315
0.0354452
0.0353891
0.0353617
0.035362
0.0353906
0.0354492
0.0355411
0.0356714
0.0358464
0.0360736
0.0363616
0.0367192
0.0371558
0.0376807
0.0383034
0.039034
0.0398839
0.0408664
0.0419963
0.0432895
0.044758
0.046402
0.0481976
0.050081
0.0519405
0.0536254
0.0549835
0.0559195
0.0564395
0.0566497
0.056699
0.0566981
0.0566601
0.0564951
0.0560642
0.0552691
0.0541242
0.0527653
0.0513955
0.0502121
0.0493556
0.0488936
0.0488255
0.0490945
0.049598
0.0502003
0.0507502
0.0511065
0.0511651
0.0508756
0.0502419
0.0493091
0.0481456
0.0468299
0.0454417
0.0440575
0.0427462
0.0415654
0.0405587
0.0397552
0.0391715
0.0388134
0.0386795
0.0387634
0.0390559
0.0395464
0.0402241
0.0410786
0.0420999
0.0432775
0.0445988
0.0460431
0.047574
0.0491284
0.050607
0.0518753
0.0527843
0.0532118
0.0531097
0.0525302
0.0516121
0.0505368
0.0494792
0.0485755
0.0479128
0.0475328
0.0474405
0.0476112
0.047996
0.048526
0.0491187
0.0496883
0.0501587
0.0504772
0.0506226
0.0506062
0.0504646
0.0502476
0.0500065
0.049785
0.0496156
0.0495182
0.0495034
0.0495749
0.0497329
0.049976
0.0503012
0.0507016
0.0511635
0.0516628
0.0521639
0.0526226
0.0529935
0.0532408
0.0533486
0.0533265
0.0532067
0.0530352
0.0528602
0.0527213
0.0526435
0.0526349
0.0526893
0.0527896
0.0529127
0.0530342
0.0531319
0.0531884
0.0531932
0.0531432
0.0530429
0.0529033
0.0527387
0.0525637
0.0523898
0.0522229
0.0520622
0.0518993
0.0517195
0.0515034
0.0512294
0.0508766
0.0504291
0.0498792
0.0492316
0.0485047
0.0477312
0.0469558
0.0462319
0.0456178
0.045173
0.0449552
0.0450188
0.0454132
0.0461819
0.047361
0.0489755
0.0510342
0.0535199
0.0563752
0.0594831
0.062649
0.0655994
0.0680172
0.0696148
0.070206
0.0697284
0.068217
0.0657841
0.0626298
0.0590429
0.0553492
0.0518357
0.0486981
0.0460354
0.0438733
0.0421954
0.0409675
0.0401525
0.0397185
0.0396421
0.0399094
0.0405156
0.0414632
0.0427579
0.0444006
0.0463736
0.0486213
0.0510276
0.053404
0.0555071
0.0570985
0.0580295
0.0583019
0.0580583
0.0575104
0.0568522
0.0562067
0.0556137
0.0550484
0.0544522
0.0537643
0.052945
0.0519852
0.0509017
0.0497245
0.0484849
0.0472089
0.0459197
0.0446426
0.0434101
0.0422623
0.0412426
0.0403919
0.0397429
0.0393166
0.0391223
0.039157
0.0394066
0.0398438
0.0404257
0.0410909
0.0417601
0.0423441
0.0427613
0.0429611
0.0429409
0.0427488
0.0424673
0.042187
0.0419813
0.0418895
0.0419123
0.0420148
0.0421383
0.0422166
0.0421947
0.0420448
0.0417739
0.0414204
0.0410419
0.0407003
0.04045
0.0403321
0.0403743
0.0405951
0.0410078
0.041624
0.0424531
0.0434967
0.0447369
0.0461188
0.0475344
0.0488196
0.0497793
0.0502449
0.0501397
0.0495124
0.0485125
0.0473266
0.0461173
0.0449915
0.0440006
0.0431574
0.0424553
0.0418827
0.0414312
0.0410985
0.0408876
0.0408045
0.0408556
0.0410455
0.0413749
0.04184
0.0424311
0.0431324
0.0439227
0.0447756
0.0456618
0.0465509
0.0474149
0.0482305
0.0489808
0.0496553
0.0502478
0.0507539
0.051168
0.0514825
0.051689
0.0517828
0.0517665
0.0516539
0.0514704
0.0512507
0.0510351
0.0508652
0.0507803
0.0508146
0.0509955
0.0513404
0.0518534
0.0525189
0.0532964
0.0541156
0.0548781
0.0554682
0.0557745
0.0557156
0.0552598
0.0544306
0.0532956
0.0519453
0.0504729
0.048961
0.0474754
0.0460652
0.0447655
0.0436012
0.0425901
0.041746
0.0410799
0.0406011
0.0403166
0.0402313
0.0403477
0.0406659
0.0411845
0.0419014
0.0428147
0.0439228
0.0452219
0.0467028
0.0483433
0.0501022
0.0519136
0.0536902
0.0553355
0.0567696
0.0579593
0.0589394
0.0598113
0.0607124
0.0617649
0.0630221
0.0644285
0.065811
0.0669155
0.0674907
0.0673864
0.0666084
0.0652958
0.0636444
0.0618319
0.0599841
0.058178
0.0564622
0.0548746
0.0534506
0.0522225
0.0512147
0.0504394
0.0498955
0.0495702
0.0494437
0.0494937
0.0497012
0.0500524
0.0505397
0.0511602
0.0519112
0.0527861
0.0537689
0.0548284
0.0559123
0.0569418
0.0578108
0.0583931
0.0585631
0.0582259
0.0573473
0.0559679
0.0541934
0.0521668
0.0500375
0.047938
0.0459727
0.0442171
0.0427218
0.0415179
0.0406238
0.0400494
0.0398014
0.0398855
0.0403091
0.0410795
0.042199
0.0436516
0.0453821
0.0472694
0.0491093
0.0506314
0.0515696
0.0517649
0.0512379
0.0501736
0.048832
0.0474517
0.0461993
0.0451668
0.0443937
0.0438931
0.0436707
0.0437368
0.0441093
0.0448087
0.0458402
0.0471618
0.0486461
0.0500606
0.0511054
0.0515241
0.051237
0.0503923
0.0492912
0.0482514
0.0475071
0.0471829
0.0473163
0.0478925
0.0488687
0.0501853
0.051767
0.0535208
0.0553411
0.0571294
0.0588306
0.0604708
0.0621584
0.0640134
0.0660221
0.0678888
0.0690476
0.0689536
0.0674911
0.0650863
0.0624051
0.0599765
0.0580457
0.0566351
0.0556632
0.055032
0.0546684
0.0545365
0.0546314
0.0549676
0.0555639
0.0564287
0.0575446
0.0588552
0.0602552
0.0615917
0.0626797
0.0633355
0.0634185
0.0628671
0.0617101
0.0600521
0.0580413
0.0558352
0.0535746
0.0513708
0.0493019
0.047416
0.0457375
0.0442744
0.043025
0.0419842
0.0411476
0.0405156
0.0400962
0.0399073
0.0399781
0.0403497
0.0410739
0.0422062
0.043793
0.0458475
0.0483174
0.051054
0.0538103
0.0562913
0.0582527
0.0595872
0.0603306
0.0605871
0.0604434
0.0599359
0.0590719
0.0578697
0.0563819
0.0546941
0.0529061
0.0511119
0.0493863
0.0477804
0.0463238
0.0450301
0.0439022
0.0429366
0.0421264
0.0414626
0.0409347
0.0405313
0.0402399
0.0400467
0.0399373
0.0398962
0.0399081
0.039959
0.040037
0.0401345
0.0402492
0.0403853
0.0405541
0.0407734
0.0410669
0.0414615
0.0419849
0.0426603
0.0435004
0.0445006
0.045632
0.04684
0.0480501
0.0491857
0.0501912
0.0510502
0.0517848
0.0524365
0.053036
0.0535839
0.0540508
0.054397
0.0545957
0.0546411
0.0545357
0.0542631
0.0537686
0.0529651
0.051773
0.0501739
0.0482445
0.0461448
0.0440688
0.0421919
0.0406408
0.0394904
0.0387783
0.0385224
0.038736
0.0394328
0.0406232
0.0422951
0.0443792
0.0467062
0.0489823
0.0508313
0.0519273
0.0521577
0.0516885
0.0508692
0.0500615
0.049514
0.0493306
0.049497
0.0499263
0.0504971
0.0510851
0.051585
0.0519271
0.0520841
0.0520692
0.0519256
0.0517133
0.0514957
0.0513312
0.0512681
0.0513437
0.0515851
0.0520109
0.0526321
0.0534535
0.0544722
0.0556737
0.0570236
0.0584551
0.0598568
0.0610702
0.0619076
0.0621973
0.061843
0.0608673
0.0594105
0.057684
0.0559051
0.0542478
0.0528225
0.0516813
0.0508353
0.0502746
0.0499842
0.0499549
0.0501893
0.0507029
0.0515215
0.0526747
0.0541848
0.0560506
0.0582263
0.0605992
0.0629763
0.0650978
0.0666925
0.0675662
0.0676815
0.067175
0.0663012
0.0653434
0.0645436
0.0640683
0.0639907
0.0642699
0.0647268
0.0650549
0.0649097
0.0640678
0.0625549
0.0606329
0.0586587
0.0569347
0.0556355
0.0548095
0.0544108
0.0543318
0.0544278
0.0545396
0.0545187
0.0542537
0.0536931
0.0528543
0.0518158
0.0506945
0.0496173
0.048697
0.0480178
0.0476307
0.0475546
0.0477807
0.0482758
0.0489849
0.0498332
0.0507297
0.0515739
0.0522682
0.0527328
0.0529204
0.0528264
0.0524892
0.0519805
0.0513895
0.0508055
0.0503037
0.0499354
0.0497228
0.0496567
0.0496981
0.0497831
0.0498326
0.049768
0.0495296
0.0490902
0.0484609
0.0476847
0.0468218
0.0459347
0.0450759
0.0442838
0.0435821
0.0429834
0.0424935
0.0421152
0.0418513
0.0417066
0.0416887
0.0418083
0.0420784
0.0425124
0.0431223
0.0439146
0.0448856
0.046015
0.0472594
0.0485471
0.0497783
0.0508362
0.0516097
0.0520249
0.0520755
0.0518374
0.0514616
0.051142
0.0510674
0.0513638
0.0520373
0.0529351
0.0537618
0.0541843
0.0539984
0.0532476
0.0521959
0.0511828
0.0504844
0.0502543
0.0505366
0.0513046
0.0524927
0.0540141
0.0557639
0.0576172
0.0594291
0.061043
0.062312
0.0631265
0.0634371
0.0632598
0.0626614
0.0617345
0.0605746
0.0592671
0.0578836
0.0564836
0.0551163
0.0538222
0.0526338
0.0515769
0.0506735
0.049944
0.0494095
0.0490919
0.0490114
0.0491835
0.0496129
0.0502865
0.0511656
0.0521762
0.0532031
0.0540925
0.0546699
0.0547778
0.0543209
0.0532981
0.0518027
0.0499905
0.0480336
0.0460813
0.0442409
0.0425755
0.0411121
0.0398534
0.0387877
0.0378972
0.0371625
0.0365659
0.0360926
0.0357307
0.0354714
0.0353078
0.0352343
0.0352453
0.035334
0.0354911
0.0357041
0.0359568
0.0362302
0.0365038
0.0367586
0.0369804
0.0371623
0.0373065
0.0374236
0.0375301
0.0376445
0.0377828
0.0379552
0.0381636
0.038401
0.0386529
0.0389
0.0391223
0.0393034
0.0394356
0.0395229
0.0395836
0.03965
0.0397662
0.0399847
0.0403599
0.0409409
0.0417598
0.042818
0.0440708
0.0454195
0.0467209
0.0478254
0.0486381
0.049174
0.0495744
0.0500714
0.050918
0.0522986
0.0542211
0.0563992
0.058208
0.0588766
0.0579321
0.0555434
0.0523875
0.0491991
0.0464524
0.0443277
0.0428222
0.0418605
0.0413587
0.04125
0.0414893
0.0420481
0.0429076
0.0440495
0.0454469
0.0470567
0.048814
0.0506308
0.0524025
0.0540202
0.0553879
0.0564371
0.0571358
0.0574877
0.0575262
0.057305
0.0568902
0.0563531
0.0557646
0.0551903
0.0546867
0.0542993
0.0540615
0.0539946
0.0541056
0.0543837
0.0547923
0.0552595
0.0556728
0.0558866
0.055752
0.0551629
0.0540995
0.0526406
0.0509363
0.0491575
0.0474512
0.0459179
0.0446106
0.0435453
0.0427148
0.0420995
0.0416755
0.0414182
0.0413049
0.0413153
0.0414314
0.0416367
0.0419159
0.0422537
0.0426339
0.0430392
0.0434502
0.0438458
0.0442034
0.0444998
0.0447131
0.0448241
0.0448185
0.0446879
0.0444313
0.0440552
0.0435733
0.0430052
0.0423753
0.0417102
0.0410374
0.0403834
0.039772
0.0392239
0.0387558
0.038381
0.0381088
0.0379457
0.0378956
0.0379603
0.0381401
0.0384344
0.0388416
0.0393596
0.0399852
0.0407134
0.0415361
0.0424396
0.043402
0.0443901
0.0453589
0.0462532
0.0470142
0.0475904
0.047949
0.0480844
0.0480192
0.0477978
0.0474759
0.0471085
0.0467433
0.0464171
0.0461555
0.0459746
0.0458828
0.0458807
0.0459611
0.0461069
0.0462901
0.0464712
0.0466013
0.0466276
0.0465036
0.0462001
0.0457153
0.045079
0.0443494
0.0436023
0.0429185
0.0423713
0.0420191
0.0419011
0.0420369
0.042428
0.0430587
0.0438986
0.0449034
0.0460166
0.0471707
0.0482886
0.0492889
0.0500944
0.0506459
0.0509164
0.0509194
0.0507058
0.0503492
0.0499281
0.0495105
0.0491463
0.0488678
0.048694
0.0486367
0.0487063
0.0489156
0.0492827
0.0498315
0.0505904
0.0515866
0.0528358
0.0543249
0.0559915
0.0577086
0.0592922
0.0605456
0.06133
0.0616237
0.0615251
0.0611972
0.0607956
0.0604213
0.0601147
0.0598727
0.0596728
0.05949
0.0593045
0.0591008
0.058864
0.0585739
0.0582016
0.0577105
0.0570624
0.0562294
0.0552056
0.0540137
0.0527019
0.0513342
0.049976
0.048683
0.0474953
0.0464365
0.0455162
0.0447344
0.0440846
0.0435567
0.0431386
0.0428167
0.0425754
0.0423967
0.0422601
0.0421425
0.0420198
0.04187
0.0416761
0.0414299
0.0411345
0.0408042
0.040463
0.0401409
0.0398694
0.0396778
0.0395897
0.0396217
0.039782
0.0400706
0.0404798
0.0409946
0.041594
0.0422527
0.0429424
0.0436332
0.0442957
0.0449016
0.0454243
0.0458402
0.0461293
0.0462774
0.0462773
0.0461315
0.0458533
0.0454667
0.0450046
0.0445061
0.0440122
0.0435612
0.0431849
0.0429047
0.0427291
0.0426534
0.0426607
0.0427258
0.0428215
0.0429258
0.0430285
0.0431345
0.0432635
0.043445
0.0437125
0.0440964
0.0446193
0.0452928
0.0461166
0.0470785
0.0481553
0.049315
0.0505196
0.0517297
0.0529094
0.0540312
0.0550781
0.0560433
0.0569259
0.0577258
0.0584402
0.0590647
0.059598
0.0600508
0.0604547
0.060867
0.06137
0.062062
0.0630391
0.0643674
0.0660474
0.0679803
0.0699593
0.0717162
0.0730246
0.0738088
0.074175
0.0743366
0.0744861
0.0746821
0.0747935
0.07453
0.0735766
0.0717835
0.0692782
0.0664039
0.0635469
0.0609928
0.058879
0.0572182
0.0559432
0.054948
0.0541176
0.0533526
0.0525853
0.0517866
0.050962
0.050139
0.0493516
0.0486265
0.0479751
0.0473917
0.046856
0.0463394
0.0458139
0.0452592
0.0446688
0.0440509
0.0434256
0.0428192
0.0422581
0.0417629
0.0413459
0.0410093
0.0407459
0.0405414
0.0403761
0.040228
0.0400741
0.0398931
0.0396671
0.0393838
0.0390392
0.0386391
0.0381993
0.0377438
0.0373016
0.0369026
0.0365735
0.0363357
0.0362035
0.0361848
0.0362812
0.0364899
0.0368044
0.0372158
0.0377136
0.0382865
0.0389228
0.0396106
0.0403381
0.0410937
0.0418657
0.0426425
0.0434125
0.0441639
0.0448847
0.0455632
0.0461875
0.0467462
0.0472286
0.0476252
0.0479284
0.0481342
0.0482431
0.0482614
0.0482014
0.0480806
0.047919
0.0477356
0.047544
0.0473492
0.0471456
0.0469174
0.0466411
0.0462898
0.0458396
0.045274
0.044589
0.0437941
0.0429118
0.0419746
0.0410204
0.0400883
0.0392145
0.03843
0.0377592
0.03722
0.0368242
0.0365787
0.0364867
0.0365481
0.0367608
0.03712
0.0376187
0.0382472
0.038992
0.0398352
0.0407546
0.0417233
0.0427107
0.0436849
0.044615
0.0454752
0.0462473
0.0469236
0.0475072
0.0480099
0.0484477
0.0488339
0.0491723
0.0494515
0.0496448
0.0497168
0.0496362
0.0493909
0.0489982
0.0485048
0.0479761
0.0474815
0.0470795
0.0468099
0.046691
0.0467218
0.0468864
0.0471591
0.0475084
0.0479015
0.0483074
0.0486996
0.0490583
0.049372
0.0496374
0.0498594
0.0500496
0.0502247
0.0504046
0.0506099
0.0508606
0.0511738
0.0515624
0.052033
0.0525838
0.0532018
0.0538613
0.0545219
0.0551307
0.0556264
0.0559485
0.0560474
0.055895
0.0554903
0.0548596
0.0540507
0.053124
0.0521429
0.0511677
0.0502518
0.0494408
0.0487728
0.0482783
0.0479781
0.0478777
0.047959
0.0481703
0.0484197
0.0485817
0.0485211
0.0481331
0.0473823
0.0463168
0.0450493
0.0437164
0.0424402
0.0413058
0.0403582
0.0396102
0.0390531
0.0386671
0.0384274
0.0383086
0.0382862
0.0383374
0.0384407
0.0385757
0.0387225
0.0388617
0.0389749
0.0390454
0.0390602
0.039012
0.0389013
0.0387369
0.0385354
0.038318
0.0381062
0.0379175
0.0377613
0.0376377
0.0375379
0.0374483
0.0373558
0.0372535
0.0371454
0.0370477
0.0369876
0.0370001
0.0371235
0.0373957
0.0378521
0.0385231
0.0394331
0.0405965
0.0420128
0.0436568
0.0454682
0.047344
0.049142
0.0507041
0.0518975
0.0526583
0.0530121
0.0530563
0.0529147
0.0526898
0.0524344
0.0521484
0.0517956
0.0513286
0.0507126
0.0499391
0.0490278
0.0480193
0.0469633
0.0459086
0.044897
0.0439616
0.043127
0.0424111
0.041826
0.0413785
0.0410708
0.0408995
0.0408558
0.0409256
0.04109
0.0413262
0.0416094
0.0419143
0.0422185
0.0425047
0.0427637
0.0429956
0.0432099
0.0434228
0.0436533
0.0439189
0.044231
0.0445921
0.044995
0.0454234
0.0458544
0.0462624
0.0466233
0.0469183
0.0471381
0.0472837
0.0473672
0.0474096
0.0474375
0.04748
0.0475645
0.0477146
0.047948
0.0482775
0.0487116
0.0492568
0.0499205
0.0507122
0.0516426
0.0527195
0.0539396
0.0552754
0.0566625
0.0579937
0.0591288
0.0599266
0.0602898
0.0602006
0.0597239
0.0589771
0.0580852
0.0571457
0.0562137
0.0553033
0.0544001
0.0534764
0.0525075
0.0514842
0.0504193
0.0493452
0.0483049
0.0473404
0.0464836
0.045752
0.0451488
0.0446667
0.0442934
0.0440163
0.0438272
0.0437248
0.0437168
0.0438204
0.0440635
0.0444845
0.0451317
0.0460605
0.0473255
0.0489678
0.0509949
0.05336
0.055941
0.0585222
0.0607783
0.0622864
0.0626282
0.0615939
0.059354
0.0564135
0.0533704
0.050688
0.0486123
0.0472051
0.0464101
0.0461055
0.0461379
0.0463469
0.0465889
0.0467595
0.0468108
0.0467541
0.0466489
0.046582
0.0466442
0.0469113
0.0474287
0.0481996
0.0491748
0.0502491
0.05127
0.052068
0.0525057
0.0525244
0.0521618
0.0515267
0.0507503
0.0499405
0.0491637
0.048449
0.0478059
0.0472389
0.0467537
0.0463562
0.0460467
0.0458154
0.0456407
0.04549
0.0453244
0.0451053
0.044802
0.0443993
0.0439015
0.0433319
0.0427273
0.0421301
0.0415803
0.04111
0.0407406
0.0404825
0.0403369
0.040297
0.040351
0.0404835
0.040678
0.0409191
0.0411945
0.041498
0.041832
0.0422097
0.0426567
0.0432107
0.0439193
0.0448321
0.0459859
0.0473804
0.048945
0.0505131
0.0518302
0.0526238
0.0527221
0.0521457
0.0510989
0.0498654
0.0486898
0.0477148
0.04698
0.0464558
