1.80106
1.80202
1.80279
1.80337
1.80379
1.8041
1.80436
1.80464
1.805
1.80547
1.80608
1.80678
1.8075
1.80817
1.80867
1.80892
1.80883
1.80837
1.80754
1.80638
1.80496
1.80336
1.80163
1.79975
1.79765
1.79517
1.79212
1.78834
1.78375
1.77855
1.77324
1.76864
1.76576
1.76542
1.76793
1.77294
1.77964
1.78707
1.79442
1.80113
1.80686
1.81148
1.81493
1.81723
1.81841
1.81857
1.81781
1.81628
1.81414
1.81156
1.80868
1.80563
1.80248
1.79929
1.79612
1.79302
1.7901
1.7875
1.78539
1.78391
1.78318
1.78324
1.78407
1.78551
1.78738
1.78945
1.7915
1.79335
1.79487
1.796
1.79672
1.79705
1.797
1.79659
1.79582
1.79464
1.793
1.79084
1.7881
1.78471
1.78062
1.77578
1.77013
1.76361
1.75628
1.7485
1.74114
1.73559
1.7334
1.73554
1.74175
1.75068
1.7605
1.7697
1.77738
1.78315
1.78696
1.78885
1.78888
1.78707
1.78344
1.77806
1.77125
1.76363
1.75624
1.75037
1.74715
1.74708
1.7498
1.75427
1.75924
1.76368
1.76692
1.7687
1.76904
1.76819
1.76654
1.76458
1.76283
1.76176
1.76175
1.76293
1.76524
1.76844
1.77215
1.77596
1.77953
1.78259
1.78498
1.78664
1.78758
1.78788
1.78763
1.78698
1.78605
1.785
1.78395
1.78302
1.78231
1.78188
1.78177
1.78196
1.78244
1.78316
1.78406
1.78508
1.78615
1.78722
1.78827
1.78928
1.79026
1.79122
1.79221
1.79326
1.79438
1.79559
1.79684
1.79807
1.79915
1.79992
1.8002
1.79976
1.79839
1.7959
1.79221
1.78737
1.78168
1.77567
1.77012
1.76587
1.76362
1.7637
1.76592
1.76973
1.77434
1.77904
1.7833
1.78682
1.7896
1.79174
1.79344
1.79487
1.79612
1.79713
1.79778
1.79785
1.79717
1.79559
1.79315
1.79003
1.78657
1.78324
1.78054
1.77886
1.7784
1.77916
1.78095
1.7835
1.78654
1.78984
1.79323
1.79662
1.79992
1.80306
1.806
1.80866
1.81099
1.81292
1.81437
1.8153
1.81562
1.81529
1.81425
1.81246
1.8099
1.80659
1.80259
1.79803
1.79312
1.78811
1.78329
1.77895
1.77531
1.77252
1.77064
1.76965
1.76949
1.77006
1.77125
1.77293
1.77498
1.77726
1.77967
1.78214
1.7846
1.78701
1.78934
1.79158
1.79372
1.79577
1.79773
1.79957
1.80129
1.80283
1.80414
1.80517
1.80583
1.80607
1.80582
1.80504
1.80373
1.80192
1.79969
1.79715
1.79446
1.79176
1.78917
1.78676
1.78455
1.78252
1.78065
1.77896
1.77751
1.7764
1.77574
1.77562
1.77604
1.77696
1.77828
1.77986
1.78159
1.78337
1.78511
1.7868
1.78841
1.78995
1.79143
1.79288
1.7943
1.7957
1.79707
1.7984
1.79967
1.80085
1.80191
1.80282
1.80353
1.80402
1.80426
1.8042
1.80381
1.80308
1.80198
1.8005
1.79866
1.79648
1.79405
1.79146
1.78883
1.7863
1.78396
1.78187
1.78004
1.77841
1.77689
1.7754
1.77386
1.77224
1.77059
1.76906
1.76784
1.76718
1.76727
1.76822
1.76999
1.77236
1.775
1.77751
1.7795
1.78068
1.78092
1.78022
1.77879
1.77689
1.7749
1.77316
1.77195
1.77141
1.77158
1.77236
1.77357
1.77504
1.77659
1.77811
1.77958
1.781
1.78241
1.78385
1.78535
1.78688
1.78837
1.78972
1.79081
1.79153
1.79177
1.79149
1.79068
1.78939
1.78776
1.78599
1.78433
1.78304
1.78232
1.7823
1.78301
1.78434
1.78613
1.78821
1.79038
1.79249
1.79442
1.79607
1.79733
1.7981
1.79826
1.79767
1.7962
1.79372
1.79012
1.78534
1.77942
1.77252
1.76501
1.75746
1.75069
1.74564
1.74315
1.74369
1.74714
1.75278
1.75956
1.76641
1.7725
1.77733
1.78079
1.78298
1.78416
1.78463
1.78467
1.7845
1.78427
1.78409
1.78402
1.78409
1.78431
1.78469
1.78524
1.78596
1.78683
1.78781
1.78883
1.78979
1.79055
1.79096
1.79088
1.79016
1.78875
1.78663
1.78391
1.78084
1.77775
1.77511
1.77339
1.77298
1.77404
1.77643
1.77971
1.78327
1.78651
1.78892
1.79021
1.79029
1.78927
1.78737
1.7849
1.78214
1.77934
1.77662
1.77398
1.77133
1.76853
1.76551
1.76229
1.7591
1.7563
1.75429
1.75345
1.75395
1.75579
1.75875
1.7625
1.76668
1.77095
1.77506
1.77884
1.78225
1.78531
1.78804
1.79048
1.79257
1.79425
1.79541
1.79599
1.79596
1.79542
1.79453
1.79353
1.79265
1.7921
1.79201
1.79236
1.79303
1.79378
1.79439
1.79475
1.795
1.79555
1.79697
1.79969
1.80364
1.8082
1.8124
1.81533
1.81642
1.81566
1.81355
1.81094
1.8088
1.8079
1.8086
1.8107
1.81359
1.81646
1.81849
1.81909
1.81801
1.81533
1.81154
1.80734
1.80352
1.80072
1.79912
1.79844
1.79805
1.79722
1.79559
1.79336
1.79139
1.79083
1.79267
1.79721
1.80391
1.81165
1.81921
1.82555
1.82997
1.83209
1.8318
1.8292
1.82462
1.81869
1.81231
1.80657
1.80249
1.80069
1.80113
1.80322
1.80606
1.80883
1.81097
1.81226
1.81275
1.81264
1.8122
1.81172
1.81142
1.81144
1.81183
1.81256
1.81352
1.81455
1.81548
1.81617
1.81647
1.81628
1.81552
1.81412
1.81202
1.8092
1.80566
1.80142
1.79657
1.79122
1.78551
1.77959
1.7736
1.76769
1.76211
1.75729
1.75385
1.75246
1.75358
1.75723
1.76286
1.76963
1.77664
1.7832
1.7889
1.79358
1.79722
1.79995
1.80188
1.80316
1.80391
1.80424
1.80425
1.80402
1.80361
1.80307
1.80245
1.80175
1.80099
1.80014
1.79917
1.79803
1.7967
1.7952
1.79363
1.79219
1.79119
1.79093
1.79165
1.79339
1.79597
1.79902
1.8021
1.80482
1.80693
1.80834
1.80912
1.80939
1.80931
1.809
1.8085
1.80777
1.80673
1.80526
1.80327
1.80071
1.7976
1.79398
1.78992
1.78553
1.78094
1.77634
1.77199
1.76828
1.76568
1.76469
1.76565
1.76862
1.77335
1.77933
1.78592
1.79255
1.79881
1.80445
1.80936
1.81356
1.8171
1.82003
1.82244
1.82437
1.82586
1.82689
1.82744
1.82748
1.82691
1.82566
1.82363
1.82077
1.8171
1.81273
1.80797
1.80327
1.79917
1.79624
1.79481
1.79496
1.79644
1.79884
1.8017
1.80466
1.80749
1.81008
1.81241
1.81452
1.81645
1.81823
1.81988
1.82142
1.82285
1.82416
1.82534
1.8264
1.82736
1.82825
1.82908
1.82989
1.83067
1.83142
1.83214
1.83283
1.83352
1.83424
1.83507
1.83605
1.83723
1.83863
1.84025
1.84212
1.84421
1.8465
1.84892
1.85135
1.85361
1.85552
1.85686
1.85744
1.85709
1.8557
1.85319
1.84952
1.84467
1.83861
1.83133
1.82278
1.81294
1.80182
1.78963
1.77687
1.76452
1.75423
1.74828
1.74903
1.75761
1.77292
1.79193
1.81121
1.82832
1.84216
1.85257
1.8599
1.86459
1.86707
1.86774
1.86698
1.86513
1.86255
1.85954
1.85637
1.85319
1.8501
1.84711
1.84419
1.84134
1.83859
1.836
1.8337
1.8318
1.8304
1.82956
1.82929
1.82959
1.83038
1.8316
1.83316
1.83497
1.83695
1.83903
1.84115
1.84324
1.84527
1.84721
1.84904
1.85075
1.85234
1.85381
1.85515
1.85639
1.85752
1.85855
1.85949
1.86035
1.86114
1.86186
1.86254
1.86317
1.86378
1.86438
1.86498
1.86559
1.86623
1.86689
1.86758
1.86829
1.86901
1.86972
1.87038
1.87093
1.8713
1.8714
1.87109
1.87019
1.8685
1.86575
1.86162
1.85578
1.84796
1.83806
1.82641
1.81395
1.80222
1.79292
1.78706
1.78428
1.78316
1.78234
1.78171
1.78266
1.78713
1.79613
1.80888
1.82333
1.83743
1.84987
1.86009
1.868
1.87368
1.87721
1.87863
1.87806
1.87569
1.87193
1.86741
1.86309
1.8601
1.85955
1.86216
1.86794
1.8761
1.88538
1.89451
1.90255
1.90898
1.91366
1.91669
1.91826
1.91855
1.91772
1.91584
1.9129
1.90879
1.90339
1.89655
1.88817
1.87829
1.86718
1.85536
1.84365
1.83304
1.82453
1.81893
1.81669
1.8179
1.82231
1.8294
1.83848
1.84873
1.85928
1.86936
1.87833
1.88581
1.89163
1.89577
1.89836
1.89957
1.89963
1.89877
1.8972
1.89513
1.89273
1.89013
1.88737
1.88444
1.88126
1.87771
1.87364
1.86889
1.86338
1.85707
1.85011
1.84278
1.83559
1.82923
1.8245
1.82213
1.82259
1.82599
1.83194
1.83974
1.84847
1.85728
1.86547
1.87259
1.87838
1.88274
1.88568
1.88722
1.88739
1.88622
1.88373
1.87993
1.87491
1.86889
1.86225
1.85558
1.84963
1.84515
1.84268
1.84239
1.84403
1.84696
1.85041
1.85359
1.85585
1.85667
1.85574
1.85301
1.84879
1.84385
1.83948
1.83724
1.83847
1.84371
1.85251
1.86364
1.87568
1.88746
1.89819
1.90747
1.91516
1.92127
1.92583
1.92888
1.93041
1.9303
1.92836
1.9243
1.91777
1.90843
1.89614
1.88123
1.86475
1.84852
1.83466
1.82468
1.81883
1.81628
1.81596
1.81732
1.82039
1.82538
1.83223
1.84047
1.84929
1.85787
1.8656
1.87217
1.87752
1.88182
1.88531
1.88825
1.89083
1.89312
1.89509
1.89661
1.89754
1.89772
1.89701
1.89535
1.89277
1.88939
1.88542
1.88117
1.87697
1.87312
1.86984
1.86725
1.86537
1.86413
1.86343
1.86315
1.86318
1.86337
1.86356
1.86355
1.86311
1.86202
1.86005
1.85702
1.85276
1.8472
1.84033
1.83235
1.82371
1.8152
1.80785
1.8027
1.80042
1.80108
1.80415
1.80882
1.81436
1.82023
1.82613
1.83184
1.8372
1.84199
1.84602
1.84914
1.85121
1.85214
1.85188
1.85034
1.84739
1.84288
1.83663
1.82849
1.81852
1.80719
1.79556
1.7853
1.77823
1.77547
1.77693
1.78135
1.78705
1.7927
1.79753
1.80133
1.80421
1.80636
1.80799
1.80928
1.81032
1.81118
1.81189
1.81245
1.81287
1.81315
1.81327
1.81325
1.81308
1.81278
1.81234
1.8118
1.81117
1.81047
1.80972
1.80895
1.80818
1.80742
1.80669
1.80597
1.80527
1.80456
1.80383
1.80305
1.80218
1.80118
1.80002
1.79867
1.7971
1.79531
1.79332
1.79117
1.78895
1.78674
1.78466
1.78284
1.78137
1.78034
1.77979
1.77975
1.7802
1.78111
1.78244
1.7841
1.78597
1.78793
1.78982
1.79148
1.79279
1.79361
1.79388
1.79354
1.79259
1.79107
1.78905
1.78664
1.78397
1.78116
1.77833
1.77558
1.77299
1.77066
1.76868
1.76722
1.76644
1.76648
1.76745
1.76936
1.77208
1.77543
1.77912
1.78285
1.78632
1.78927
1.7915
1.79287
1.79328
1.79272
1.79121
1.78886
1.78582
1.78229
1.77846
1.77447
1.77032
1.76589
1.76097
1.75548
1.74965
1.74419
1.74022
1.73883
1.74061
1.74526
1.75181
1.75903
1.76591
1.77187
1.7767
1.78043
1.78321
1.78521
1.7866
1.78749
1.78796
1.78804
1.78775
1.78708
1.786
1.78448
1.78251
1.78007
1.77719
1.77393
1.77037
1.76661
1.76278
1.75893
1.75509
1.75123
1.7473
1.74333
1.73948
1.73609
1.73366
1.73265
1.73337
1.7358
1.73962
1.74435
1.74952
1.75475
1.75978
1.76448
1.76878
1.77264
1.77605
1.77898
1.78141
1.7833
1.78467
1.7855
1.78579
1.78559
1.78492
1.78384
1.78246
1.78089
1.77929
1.77786
1.77681
1.77632
1.77653
1.77749
1.77916
1.7814
1.78401
1.78676
1.78941
1.79177
1.79366
1.79497
1.79562
1.79556
1.79483
1.7935
1.79175
1.78984
1.78812
1.78698
1.78682
1.78794
1.79047
1.79438
1.79945
1.80535
1.8117
1.81812
1.8243
1.82994
1.8348
1.83868
1.84135
1.84264
1.84235
1.84038
1.83678
1.83184
1.82622
1.8209
1.81704
1.81562
1.81708
1.82116
1.82708
1.8339
1.84082
1.84731
1.85315
1.85829
1.86273
1.86647
1.86939
1.87135
1.87214
1.87159
1.8696
1.86616
1.86146
1.85585
1.84984
1.84405
1.8391
1.83546
1.83339
1.83292
1.83393
1.83624
1.83969
1.84415
1.84946
1.8554
1.86171
1.86802
1.87398
1.87924
1.88349
1.88651
1.88818
1.88845
1.8874
1.88518
1.88201
1.87819
1.87404
1.86991
1.8661
1.86289
1.86048
1.85905
1.85876
1.85976
1.86216
1.86595
1.87097
1.87686
1.88312
1.88921
1.89464
1.89906
1.90227
1.90421
1.90493
1.90457
1.9033
1.90133
1.89891
1.89628
1.89369
1.89134
1.88938
1.88786
1.88673
1.88587
1.88513
1.88438
1.88351
1.88248
1.88129
1.87994
1.8784
1.87658
1.87436
1.87157
1.86806
1.86368
1.85842
1.85233
1.84563
1.83867
1.8319
1.82583
1.82085
1.81721
1.81491
1.81377
1.81349
1.81375
1.81429
1.81494
1.8156
1.81626
1.81695
1.81772
1.81863
1.81966
1.82074
1.82175
1.82254
1.82298
1.82299
1.82251
1.82145
1.8197
1.81715
1.81378
1.80977
1.80561
1.80207
1.79999
1.79992
1.80187
1.80529
1.80925
1.81274
1.81488
1.81498
1.81257
1.80752
1.80017
1.79158
1.78351
1.77793
1.77609
1.77786
1.78183
1.78613
1.78937
1.7909
1.79076
1.7894
1.78742
1.7854
1.78378
1.78284
1.78267
1.78318
1.78419
1.78545
1.78669
1.78768
1.78829
1.78844
1.78817
1.78763
1.78703
1.78665
1.78673
1.78745
1.78885
1.79083
1.79313
1.79547
1.79757
1.7992
1.80028
1.80081
1.80086
1.80056
1.79996
1.79904
1.79769
1.79569
1.79288
1.78924
1.78515
1.78141
1.77916
1.77954
1.7831
1.78951
1.79765
1.80602
1.81324
1.81829
1.82058
1.81994
1.81674
1.81192
1.80702
1.80376
1.80334
1.80582
1.81013
1.81473
1.81829
1.82015
1.82026
1.81898
1.81685
1.81438
1.81194
1.80968
1.80761
1.8056
1.80346
1.80106
1.79838
1.79562
1.7932
1.79172
1.79171
1.79344
1.79676
1.80116
1.80599
1.81073
1.81507
1.81895
1.82239
1.82546
1.82819
1.8306
1.83268
1.83442
1.83581
1.83687
1.83762
1.83807
1.83827
1.83824
1.83802
1.83764
1.83713
1.83654
1.8359
1.83523
1.83455
1.83387
1.83318
1.83245
1.83166
1.83077
1.82971
1.82843
1.82689
1.82502
1.82278
1.82017
1.81718
1.81387
1.81031
1.80666
1.80307
1.79974
1.79685
1.79457
1.79298
1.7921
1.79187
1.79219
1.79291
1.79393
1.79511
1.79641
1.79777
1.79918
1.80065
1.80218
1.80377
1.80541
1.8071
1.8088
1.8105
1.81216
1.81376
1.81527
1.81669
1.81801
1.81922
1.82033
1.82135
1.8223
1.82318
1.82403
1.82485
1.82566
1.82649
1.82733
1.82819
1.82907
1.82997
1.83085
1.83171
1.8325
1.83318
1.83373
1.83409
1.83422
1.83406
1.83357
1.83268
1.8313
1.82934
1.82669
1.82324
1.81892
1.81377
1.80802
1.80215
1.79685
1.79287
1.79072
1.79039
1.79133
1.79274
1.79397
1.79488
1.7959
1.79779
1.80116
1.80608
1.81199
1.81793
1.82293
1.82629
1.8277
1.82715
1.82492
1.82149
1.8175
1.81368
1.81074
1.80919
1.80929
1.81104
1.81423
1.81854
1.8236
1.82906
1.83459
1.83988
1.8447
1.84888
1.8523
1.85492
1.85672
1.85774
1.858
1.85755
1.85644
1.85469
1.85234
1.84938
1.84582
1.84166
1.83693
1.83173
1.82627
1.82097
1.81644
1.8134
1.81249
1.81401
1.81779
1.82317
1.82929
1.8353
1.84054
1.84461
1.84732
1.84867
1.84878
1.84788
1.84631
1.84444
1.84269
1.84141
1.84087
1.84118
1.84227
1.84396
1.84602
1.84817
1.85022
1.852
1.85343
1.85446
1.85508
1.85529
1.8551
1.8545
1.85351
1.85217
1.85057
1.84886
1.84723
1.84589
1.84503
1.84474
1.84498
1.84559
1.84638
1.84711
1.84758
1.84768
1.84737
1.8467
1.84574
1.84462
1.84345
1.84234
1.84139
1.84064
1.84011
1.83978
1.83959
1.83948
1.83938
1.83922
1.83897
1.83865
1.83828
1.83795
1.83776
1.83783
1.83827
1.83919
1.84065
1.84267
1.8452
1.84812
1.85126
1.85439
1.85726
1.85963
1.86122
1.86181
1.86113
1.85898
1.85514
1.84941
1.84168
1.8319
1.82019
1.80694
1.79295
1.7794
1.76776
1.75944
1.75539
1.75595
1.76098
1.77004
1.78228
1.79641
1.81092
1.82447
1.83618
1.84565
1.85288
1.85805
1.86142
1.86323
1.8637
1.86295
1.86105
1.85801
1.85378
1.84826
1.84136
1.83305
1.82346
1.81301
1.8025
1.79303
1.78577
1.78151
1.78027
1.78135
1.78365
1.78616
1.78822
1.78964
1.79055
1.79129
1.79221
1.79356
1.79543
1.79777
1.80046
1.80338
1.80644
1.80956
1.81267
1.81566
1.81837
1.82064
1.82227
1.82313
1.82312
1.8222
1.82036
1.81767
1.81423
1.81019
1.80584
1.80151
1.79763
1.7946
1.79269
1.79192
1.79207
1.79273
1.79343
1.7938
1.79361
1.79285
1.79169
1.79042
1.78939
1.7889
1.78912
1.79004
1.7915
1.79324
1.79495
1.79638
1.79733
1.79769
1.79736
1.79628
1.79437
1.79157
1.78779
1.78307
1.77757
1.77174
1.76633
1.76227
1.76044
1.76129
1.76464
1.76976
1.77574
1.78174
1.78726
1.79207
1.79615
1.79959
1.80248
1.80492
1.80693
1.80852
1.80968
1.81038
1.81059
1.81031
1.80953
1.8083
1.80667
1.80472
1.80255
1.80029
1.79805
1.79596
1.79411
1.79255
1.79133
1.79045
1.78992
1.78975
1.78998
1.79064
1.79178
1.79339
1.79542
1.79777
1.80028
1.80278
1.80507
1.80696
1.80828
1.8089
1.80871
1.80766
1.80579
1.80323
1.8003
1.79742
1.79515
1.79403
1.79448
1.79669
1.80058
1.80584
1.81205
1.81877
1.82564
1.83237
1.83878
1.84475
1.85022
1.85514
1.8595
1.86328
1.86648
1.86909
1.87109
1.8725
1.87331
1.87353
1.87316
1.87219
1.87061
1.86838
1.86551
1.86205
1.85812
1.85398
1.85001
1.84665
1.84427
1.84305
1.8428
1.843
1.84289
1.84178
1.83925
1.83546
1.83116
1.82759
1.82603
1.82732
1.8315
1.83792
1.8456
1.85367
1.86154
1.86889
1.87557
1.88149
1.88656
1.89067
1.89377
1.89584
1.89691
1.89709
1.89648
1.89522
1.89339
1.89106
1.88824
1.88492
1.88107
1.87666
1.87171
1.86629
1.86057
1.85487
1.84963
1.84544
1.8429
1.84251
1.8445
1.84872
1.85472
1.86184
1.86941
1.87683
1.88365
1.88958
1.89443
1.89812
1.9006
1.90186
1.90189
1.90068
1.89816
1.89427
1.88893
1.88213
1.87402
1.86505
1.85614
1.84856
1.84367
1.84236
1.84461
1.84957
1.85592
1.86248
1.86841
1.87329
1.877
1.87953
1.88088
1.88105
1.87994
1.87742
1.87339
1.86796
1.86166
1.85555
1.85117
1.8499
1.85231
1.85779
1.86486
1.8719
1.8777
1.88165
1.88356
1.88353
1.88177
1.87855
1.8742
1.86911
1.86377
1.85861
1.85388
1.84942
1.84458
1.83856
1.83115
1.82359
1.8187
1.81951
1.82701
1.83929
1.85292
1.86508
1.87448
1.88106
1.88534
1.88792
1.88924
1.88953
1.88883
1.88704
1.88403
1.87969
1.87404
1.86726
1.85977
1.85224
1.84554
1.84057
1.83803
1.83829
1.84125
1.84642
1.85312
1.86062
1.86826
1.87556
1.88221
1.88802
1.89297
1.89707
1.9004
1.90304
1.90506
1.9065
1.90737
1.9076
1.90707
1.90559
1.90287
1.8986
1.89248
1.8843
1.87417
1.86266
1.85086
1.84015
1.83175
1.82617
1.82316
1.82209
1.82243
1.82394
1.82659
1.83035
1.83503
1.84029
1.8457
1.85086
1.85548
1.85938
1.8625
1.86483
1.86642
1.86735
1.86769
1.86752
1.86691
1.86593
1.86467
1.86317
1.86153
1.85982
1.85809
1.85644
1.8549
1.85352
1.85232
1.85126
1.8503
1.84935
1.8483
1.84699
1.84527
1.84301
1.8401
1.83653
1.83236
1.82784
1.8233
1.81908
1.81547
1.81255
1.81018
1.80813
1.8062
1.80436
1.80272
1.80147
1.80075
1.80057
1.80088
1.80172
1.80335
1.80624
1.81085
1.81741
1.82566
1.83489
1.84421
1.85279
1.86006
1.8657
1.86959
1.87168
1.87192
1.87024
1.86651
1.86069
1.85295
1.84397
1.83506
1.82805
1.82465
1.82558
1.83011
1.83648
1.8428
1.84775
1.85079
1.85197
1.85176
1.85078
1.84964
1.8489
1.84892
1.84984
1.85161
1.85402
1.85679
1.85961
1.8622
1.86434
1.86587
1.86664
1.86659
1.86564
1.86376
1.86091
1.85712
1.85249
1.84725
1.84187
1.83708
1.83377
1.83283
1.83482
1.83971
1.84688
1.85533
1.86398
1.87202
1.87893
1.8845
1.88875
1.89177
1.8937
1.89462
1.89452
1.89334
1.89091
1.88706
1.8816
1.87443
1.86566
1.85569
1.84537
1.83591
1.82866
1.82464
1.82413
1.82652
1.83054
1.83475
1.83793
1.83919
1.83812
1.83486
1.83023
1.82576
1.82326
1.82406
1.82822
1.83452
1.84115
1.84654
1.84979
1.85065
1.84934
1.8464
1.84256
1.8386
1.83527
1.83316
1.83257
1.83343
1.83541
1.83795
1.84043
1.8423
1.84317
1.84277
1.84102
1.83795
1.83371
1.82852
1.82272
1.81672
1.81098
1.80596
1.80205
1.79949
1.79832
1.79836
1.79927
1.8006
1.80193
1.80287
1.80316
1.80269
1.80148
1.79971
1.79769
1.7958
1.79444
1.79394
1.79445
1.79594
1.79822
1.80101
1.80402
1.80699
1.80977
1.81225
1.81441
1.81624
1.81774
1.81893
1.81979
1.8203
1.8204
1.82004
1.81912
1.81757
1.81534
1.81238
1.80875
1.80461
1.80024
1.79608
1.79269
1.79062
1.79025
1.79167
1.79454
1.79813
1.80148
1.80357
1.8037
1.80172
1.7983
1.79488
1.79323
1.79457
1.79886
1.80485
1.81083
1.81537
1.81768
1.81752
1.81504
1.81054
1.8044
1.79709
1.78913
1.78115
1.77387
1.76797
1.76397
1.76213
1.76237
1.76437
1.76767
1.77183
1.77646
1.78125
1.78595
1.79038
1.7944
1.79787
1.80074
1.80291
1.80434
1.80493
1.80459
1.80322
1.80071
1.79702
1.79213
1.78618
1.77944
1.77241
1.76577
1.76037
1.75698
1.75614
1.7579
1.76186
1.76728
1.77331
1.77926
1.78462
1.78912
1.79269
1.79536
1.79724
1.79844
1.79909
1.79929
1.79913
1.79868
1.79797
1.79703
1.79589
1.79457
1.79307
1.79143
1.7897
1.78794
1.78622
1.78463
1.78326
1.78218
1.7814
1.78093
1.7807
1.78064
1.78064
1.78062
1.78051
1.78032
1.78005
1.77978
1.7796
1.77962
1.77993
1.78057
1.78155
1.78279
1.78416
1.78545
1.78642
1.7868
1.78633
1.78482
1.78221
1.77868
1.77465
1.77082
1.76794
1.76656
1.76665
1.76755
1.76806
1.7668
1.76266
1.75535
1.74602
1.73769
1.73439
1.73898
1.751
1.76712
1.78351
1.79767
1.8087
1.81674
1.82228
1.82585
1.82784
1.8285
1.82797
1.8263
1.82353
1.81974
1.81504
1.80968
1.80399
1.79844
1.79348
1.78956
1.78698
1.78589
1.78625
1.7879
1.79058
1.79397
1.79775
1.80159
1.80519
1.80829
1.81069
1.81223
1.81281
1.81237
1.81094
1.80866
1.80582
1.80293
1.8007
1.7999
1.8011
1.80449
1.80974
1.81615
1.8229
1.82928
1.83482
1.83929
1.84266
1.845
1.84644
1.84713
1.84719
1.84675
1.84588
1.84468
1.8432
1.8415
1.83962
1.83762
1.83556
1.83349
1.8315
1.82967
1.82807
1.82681
1.82595
1.82557
1.82569
1.82632
1.82743
1.82898
1.83087
1.83302
1.83532
1.83765
1.83992
1.84202
1.8439
1.84548
1.84674
1.84763
1.84815
1.84828
1.84803
1.8474
1.84639
1.845
1.84323
1.84108
1.83856
1.83566
1.83243
1.82894
1.8253
1.82169
1.81837
1.8156
1.81362
1.81261
1.81259
1.81348
1.81506
1.81707
1.81925
1.82137
1.82327
1.82483
1.82599
1.82671
1.82699
1.82686
1.82639
1.82571
1.82499
1.82446
1.82439
1.82502
1.82652
1.82893
1.83214
1.83591
1.83988
1.84369
1.847
1.84952
1.85109
1.85161
1.85106
1.84952
1.84709
1.84398
1.8404
1.83667
1.83311
1.83009
1.82798
1.82707
1.8275
1.82923
1.83201
1.8355
1.83931
1.84313
1.84671
1.84992
1.85271
1.85502
1.85683
1.8581
1.85874
1.85861
1.85757
1.85544
1.85206
1.84743
1.84174
1.83554
1.82969
1.82517
1.82272
1.8225
1.82405
1.82652
1.82911
1.83126
1.83276
1.83365
1.83405
1.8341
1.8339
1.83353
1.83305
1.83256
1.83217
1.83209
1.83252
1.83362
1.83548
1.83803
1.84107
1.84433
1.84754
1.85044
1.85287
1.85476
1.85609
1.85688
1.85719
1.85709
1.85664
1.85591
1.85498
1.85392
1.85283
1.85181
1.85096
1.8504
1.85021
1.85043
1.85106
1.85202
1.85322
1.8545
1.85573
1.85676
1.85746
1.85777
1.85763
1.85702
1.85598
1.85456
1.85284
1.85091
1.8489
1.84691
1.84507
1.84349
1.84228
1.84153
1.84134
1.84176
1.84285
1.84459
1.84694
1.8498
1.85303
1.85646
1.85991
1.86322
1.86625
1.8689
1.87113
1.87299
1.87456
1.87598
1.87739
1.87891
1.88061
1.88248
1.88442
1.8863
1.88793
1.88916
1.88987
1.88997
1.88944
1.88831
1.88667
1.88465
1.8824
1.88009
1.87789
1.87589
1.87418
1.87277
1.87165
1.87081
1.87026
1.87003
1.87015
1.87058
1.8712
1.87175
1.87182
1.87093
1.86855
1.86428
1.858
1.85009
1.84152
1.83361
1.82757
1.82388
1.82203
1.82089
1.81935
1.81698
1.81431
1.81279
1.81413
1.81932
1.82788
1.83816
1.84817
1.85645
1.8623
1.86569
1.86701
1.86686
1.86584
1.86451
1.86323
1.86218
1.86134
1.86058
1.85973
1.85865
1.85728
1.85564
1.85384
1.85202
1.85034
1.84891
1.84778
1.84691
1.84621
1.84554
1.84478
1.84381
1.84258
1.84106
1.83927
1.8373
1.83521
1.83312
1.83114
1.82936
1.82788
1.82677
1.82604
1.8257
1.82568
1.82588
1.82618
1.82644
1.82654
1.8264
1.82595
1.82516
1.82403
1.82257
1.82081
1.81879
1.81655
1.81413
1.81156
1.8089
1.80617
1.80341
1.80065
1.79792
1.79526
1.7927
1.79026
1.78799
1.78593
1.7841
1.78256
1.78132
1.78041
1.77986
1.77965
1.77976
1.78013
1.78067
1.78129
1.78189
1.78239
1.78277
1.78306
1.78332
1.78369
1.7843
1.78528
1.78674
1.78873
1.79123
1.79416
1.7974
1.80079
1.80417
1.80739
1.81034
1.81293
1.81509
1.81679
1.81801
1.81875
1.81901
1.81882
1.81818
1.81711
1.81565
1.81384
1.81173
1.80942
1.80699
1.80456
1.80226
1.80022
1.79854
1.79728
1.79647
1.79607
1.79602
1.79621
1.79655
1.79702
1.79765
1.79857
1.79998
1.80204
1.80486
1.80839
1.81243
1.81668
1.8208
1.82453
1.82767
1.83013
1.83193
1.83314
1.83389
1.83433
1.83461
1.83488
1.83527
1.83585
1.83668
1.83778
1.83911
1.84062
1.84221
1.8438
1.84526
1.8465
1.84742
1.84794
1.848
1.84757
1.84668
1.8454
1.84388
1.84232
1.84099
1.84014
1.83999
1.84069
1.84225
1.84456
1.84741
1.85056
1.85373
1.85668
1.85919
1.8611
1.86225
1.86251
1.86178
1.86004
1.85734
1.85389
1.85011
1.8466
1.84404
1.843
1.84371
1.846
1.84932
1.85303
1.85651
1.85937
1.86141
1.86259
1.86297
1.86268
1.86184
1.8606
1.85906
1.85733
1.8555
1.85366
1.8519
1.85029
1.84892
1.84785
1.84715
1.84686
1.84698
1.84747
1.84824
1.84922
1.85028
1.85135
1.85238
1.85338
1.8544
1.85552
1.85682
1.85835
1.86013
1.86209
1.86411
1.86605
1.86772
1.86893
1.86953
1.86934
1.86822
1.86606
1.86281
1.85852
1.8534
1.84788
1.8426
1.8383
1.83563
1.83494
1.8361
1.83861
1.8418
1.84512
1.84827
1.85123
1.85417
1.85738
1.86105
1.86527
1.86998
1.875
1.88013
1.88515
1.88989
1.89423
1.89808
1.90139
1.90413
1.90628
1.90784
1.90884
1.90931
1.90933
1.90896
1.90831
1.90747
1.90656
1.90567
1.90487
1.9042
1.90365
1.90319
1.90272
1.90216
1.90142
1.90043
1.89918
1.89771
1.89608
1.8944
1.89281
1.89141
1.89031
1.88956
1.88916
1.88906
1.88917
1.88937
1.88953
1.88953
1.88925
1.88861
1.88756
1.88607
1.88409
1.88158
1.87849
1.87472
1.87019
1.86485
1.85874
1.85211
1.84539
1.83923
1.83432
1.83117
1.82991
1.83024
1.8316
1.83338
1.83512
1.83655
1.83765
1.83855
1.83944
1.8405
1.84183
1.84342
1.84516
1.84686
1.84833
1.84945
1.85013
1.85039
1.85028
1.84987
1.84926
1.84849
1.8476
1.84655
1.84526
1.84362
1.84142
1.83842
1.83432
1.82878
1.82151
1.81237
1.80142
1.7891
1.7763
1.76448
1.75569
1.75212
1.75507
1.76397
1.77639
1.78931
1.80037
1.80833
1.81295
1.81457
1.81386
1.81164
1.80873
1.80587
1.80362
1.80224
1.80169
1.80168
1.80174
1.80142
1.80028
1.79805
1.79464
1.79022
1.78523
1.78038
1.77648
1.77422
1.77392
1.77542
1.77815
1.78144
1.78474
1.78772
1.79026
1.79235
1.794
1.79521
1.79596
1.79625
1.79613
1.79568
1.79507
1.79448
1.79409
1.79408
1.79453
1.79544
1.79671
1.7982
1.79971
1.80108
1.80216
1.80287
1.80319
1.80312
1.80273
1.80206
1.80122
1.80029
1.79935
1.79846
1.79765
1.79692
1.79621
1.79538
1.79423
1.79249
1.78988
1.78612
1.78111
1.77507
1.76871
1.76323
1.76004
1.76009
1.7634
1.76902
1.7755
1.7816
1.78658
1.79028
1.79289
