-2.0368 1.21223 -1.26911
-0.344759 0.817564 -0.141671
2.66528 -1.38353 -1.37564
-1.01695 0.665566 -0.346104
1.47607 -0.0842611 0.447303
-0.732409 -1.57881 0.366758
-0.867841 1.79658 0.605576
-0.707836 -2.82518 -1.19135
-0.329911 0.630857 0.824505
0.933746 -0.0605305 0.00676944
1.82043 0.619165 0.910742
0.435559 2.13313 0.311206
1.74335 -0.242027 0.571196
-0.448678 0.76419 0.713455
-0.242843 2.05469 1.21191
1.17024 -1.09297 -0.633208
0.142926 -0.24864 1.64588
-1.57567 1.58593 -1.1542
0.511743 0.752573 -0.148223
0.191967 -0.855667 -0.51565
-2.49476 -0.918802 -0.854354
-1.2151 0.868863 -0.974081
-0.0929523 -1.19795 -0.908723
-0.645803 1.14842 -0.145316
-1.86657 2.58009 0.678823
1.13034 -0.941111 -0.202496
-0.140094 2.42948 -0.1633
-0.824513 -0.427528 1.51133
1.25827 0.809984 1.54186
-1.8901 0.635908 -0.736157
0.619879 -1.06268 1.07961
-0.34514 -1.28364 -0.482939
-0.878808 -1.00981 -1.19319
0.0846879 0.140416 -0.446314
0.594545 0.136578 1.41339
-0.53111 1.06628 -0.363178
-1.4823 0.913757 -0.59565
-0.000895088 0.897697 -0.690656
-0.566423 -0.406904 -1.14617
0.448086 -0.654892 0.617865
-1.04443 1.34755 0.359902
2.0936 -0.264809 0.629205
-1.36419 -1.59249 -0.226321
1.36385 -1.71516 -1.90508
0.797132 -2.7201 2.78133
0.0252329 0.485141 1.16856
0.349412 -1.44007 0.863056
-0.926158 -0.699243 0.430019
0.417251 0.223049 0.790661
0.644811 1.57391 -0.954696
0.883663 0.710178 -0.928145
-0.867007 -1.22613 0.00471771
1.32247 0.184586 -0.918
1.35831 0.287336 -1.56961
0.780694 -0.0760468 -0.188739
-0.756812 -0.723154 0.0718605
1.39794 -3.28318 -1.74549
-0.193467 1.844 -1.87389
0.101158 -0.745299 0.38111
0.142522 0.366724 -1.00012
-1.06164 -0.511271 0.769807
-0.09071 -0.279827 -0.134578
0.041632 1.07021 -0.247389
0.201151 1.93152 0.860603
1.20273 2.64026 1.25889
-1.68584 -0.569262 -0.739055
-1.17501 -0.997406 0.710964
0.525562 0.760804 0.400743
0.649125 0.544884 1.02432
0.421516 0.499721 -1.72686
0.0295784 -0.739002 0.289226
1.62024 0.163805 0.0838035
1.90662 -0.739001 -0.393796
-2.96511 -0.465283 -1.63136
-1.80939 -0.978713 0.545236
-1.14405 -0.58619 -0.801704
0.97323 0.119256 0.144051
1.09154 0.532591 -1.04225
-1.82265 -0.0591627 0.271418
1.05714 0.532718 -0.247409
-0.30579 -0.0215429 -0.165711
-0.452542 -1.87714 1.13105
1.36295 -1.80657 0.0484272
0.500503 -1.03863 -0.776869
1.64938 0.217142 -1.27155
2.15839 -0.878895 -0.194202
-1.08862 -0.467246 1.0326
-1.28662 0.063088 2.31682
-1.5419 1.46281 -0.752317
-0.0733608 -1.46708 0.0550579
0.466417 -0.787929 -2.36188
0.294505 0.207761 -0.0913016
-2.31182 0.559102 0.262597
0.360617 -0.804561 1.84931
0.348148 0.404513 -1.68894
-2.06434 0.101779 1.08502
1.55507 0.16433 1.40819
-0.200868 -1.03938 0.0642243
-0.783709 0.237407 0.850768
-0.319347 0.502799 -0.471093
0.359554 -0.215316 1.70311
1.28396 0.918459 -0.0404911
1.17736 2.68094 0.80746
-1.28954 -0.104365 1.78036
-0.257028 0.320243 -0.588179
1.10119 -0.250146 -0.0108979
1.44873 -0.680268 -0.580144
-0.531873 -0.193782 0.253113
