200 0 0
400 0.246267 0.174137
600 0.332128 0.135617
800 0.370445 0.106989
1000 0.399853 0.0895416
1200 0.421999 0.0773083
1400 0.435128 0.0673697
1600 0.44414 0.0595483
1800 0.452981 0.053584
2000 0.456875 0.0483669
2200 0.459711 0.044053
2400 0.461756 0.0404293
2600 0.464983 0.037448
2800 0.468689 0.034956
3000 0.473073 0.0328994
3200 0.47505 0.0309025
3400 0.47555 0.0290887
3600 0.476772 0.0274983
3800 0.477803 0.0260704
4000 0.479289 0.0248092
4200 0.479925 0.0236359
4400 0.481337 0.0226038
4600 0.48161 0.0216226
4800 0.482335 0.0207338
5000 0.482315 0.0199045
5200 0.483219 0.0191594
5400 0.483407 0.0184508
5600 0.484 0.0178013
5800 0.483935 0.0171876
6000 0.484209 0.0166169
6200 0.484923 0.0160962
6400 0.485204 0.0155956
6600 0.485921 0.0151395
6800 0.486701 0.0147143
7000 0.488068 0.0143572
7200 0.489512 0.0140308
7400 0.490248 0.0136709
7600 0.489656 0.013324
7800 0.490648 0.0130191
8000 0.49133 0.0127115
8200 0.492159 0.0124285
8400 0.492815 0.0121499
8600 0.493195 0.0118733
8800 0.492598 0.0116184
9000 0.492655 0.0113603
9200 0.492446 0.0111153
9400 0.491826 0.010896
9600 0.491721 0.0106695
9800 0.491473 0.0104547
10000 0.49132 0.0102467
10200 0.49143 0.0100464
10400 0.490985 0.00986303
10600 0.490914 0.00967719
10800 0.490587 0.00950349
11000 0.490953 0.00933773
11200 0.491033 0.00917133
11400 0.491541 0.00902448
11600 0.491467 0.00886918
11800 0.491629 0.00872034
12000 0.492055 0.00858542
12200 0.492131 0.00844501
12400 0.492439 0.00831442
12600 0.492503 0.00818269
12800 0.49232 0.00805689
13000 0.492013 0.00793878
13200 0.492909 0.00786886
13400 0.493012 0.00775209
13600 0.49326 0.00764204
13800 0.493405 0.00753267
14000 0.493563 0.00742672
14200 0.493173 0.00733236
14400 0.493321 0.00723202
14600 0.492896 0.00714543
14800 0.493093 0.0070516
15000 0.493514 0.00697011
15200 0.4937 0.00688087
15400 0.494043 0.00680009
15600 0.494794 0.00675427
15800 0.495311 0.00668847
16000 0.495894 0.00663028
16200 0.495974 0.0065489
16400 0.495983 0.00646904
16600 0.496235 0.00639603
16800 0.496157 0.00632037
17000 0.496157 0.00624601
17200 0.496143 0.0061734
17400 0.496373 0.00610674
17600 0.496602 0.00604166
17800 0.496466 0.00597531
18000 0.496671 0.00591241
18200 0.49655 0.00584867
18400 0.496314 0.00578986
18600 0.496713 0.00574135
18800 0.496718 0.00568028
19000 0.496904 0.00562352
19200 0.497145 0.00557008
19400 0.496891 0.00551841
19600 0.496779 0.00546324
19800 0.497212 0.00542521
20000 0.497337 0.0053724
20200 0.497307 0.0053193
20400 0.497478 0.00526989
20600 0.497458 0.00521876
20800 0.497368 0.00516936
21000 0.497388 0.00512016
21200 0.497547 0.00507432
21400 0.497803 0.00503335
21600 0.497918 0.00498807
21800 0.498156 0.00494799
22000 0.49812 0.00490314
22200 0.49814 0.00485901
22400 0.498181 0.0048158
22600 0.498193 0.0047732
22800 0.49805 0.00473349
23000 0.497954 0.00469331
23200 0.497752 0.00465716
23400 0.497922 0.00462045
23600 0.497693 0.00458697
23800 0.497742 0.00454869
24000 0.497335 0.00452896
24200 0.497365 0.00449163
24400 0.497434 0.00445534
24600 0.497278 0.00442184
24800 0.497301 0.00438624
25000 0.497629 0.00436335
25200 0.497542 0.00432958
25400 0.497482 0.0042959
25600 0.497439 0.00426255
25800 0.497056 0.00424676
26000 0.496813 0.00422102
26200 0.496726 0.00418969
26400 0.49672 0.00415795
26600 0.496695 0.00412677
26800 0.496621 0.00409663
27000 0.496626 0.00406629
27200 0.496801 0.00404015
27400 0.496811 0.00401067
27600 0.496618 0.00398625
27800 0.496691 0.00395823
28000 0.496503 0.00393443
28200 0.496689 0.00391093
28400 0.496835 0.00388611
28600 0.496705 0.00386108
28800 0.496678 0.00383436
29000 0.49667 0.00380793
29200 0.496734 0.00378238
29400 0.496784 0.00375699
29600 0.49669 0.00373279
29800 0.496649 0.00370796
30000 0.496757 0.00368479
30200 0.496904 0.00366333
30400 0.49686 0.0036395
30600 0.496726 0.00361817
30800 0.496608 0.00359661
31000 0.496702 0.00357465
31200 0.49667 0.00355188
31400 0.496616 0.00352966
31600 0.496687 0.00350804
31800 0.496611 0.0034868
32000 0.496749 0.00346775
32200 0.496541 0.00345244
32400 0.496563 0.0034312
32600 0.496737 0.00341455
32800 0.496796 0.00339424
33000 0.496788 0.00337367
33200 0.496841 0.00335375
33400 0.496937 0.00333507
33600 0.496936 0.00331522
33800 0.496991 0.00329606
34000 0.496904 0.00327782
34200 0.496823 0.00325965
34400 0.496782 0.00324097
34600 0.496856 0.00322309
34800 0.497097 0.00321356
35000 0.497323 0.00320311
35200 0.497407 0.00318601
35400 0.497481 0.00316889
35600 0.497538 0.00315159
35800 0.497479 0.00313454
36000 0.497633 0.00312089
36200 0.497625 0.00310365
36400 0.497629 0.0030866
36600 0.497504 0.00307228
36800 0.497543 0.00305583
37000 0.497687 0.00304272
37200 0.497796 0.00302832
37400 0.498014 0.0030199
37600 0.498101 0.00300511
37800 0.498095 0.00298922
38000 0.498053 0.00297378
38200 0.497938 0.00296044
38400 0.497993 0.00294555
38600 0.497977 0.00293033
38800 0.497994 0.00291527
39000 0.497913 0.00290144
39200 0.497949 0.00288686
39400 0.498124 0.0028775
39600 0.498268 0.00286659
39800 0.498256 0.00285221
40000 0.498063 0.00284449
40200 0.498061 0.00283034
40400 0.498161 0.0028181
40600 0.498335 0.0028096
40800 0.498252 0.00279706
41000 0.498402 0.00278743
41200 0.498463 0.00277456
41400 0.498463 0.00276115
41600 0.498578 0.00275028
41800 0.49869 0.00273939
42000 0.498774 0.00272764
42200 0.498852 0.00271582
42400 0.498923 0.00270394
42600 0.499099 0.00269692
42800 0.499113 0.00268436
43000 0.499185 0.00267284
43200 0.498995 0.00266723
43400 0.498927 0.0026558
43600 0.499004 0.00264472
43800 0.498939 0.00263342
44000 0.498945 0.00262146
44200 0.498992 0.00261003
44400 0.498769 0.00260782
44600 0.498857 0.00259761
44800 0.498935 0.00258718
45000 0.498831 0.00257777
45200 0.498821 0.00256639
45400 0.498906 0.00255646
45600 0.498987 0.00254654
45800 0.49902 0.00253564
46000 0.499103 0.00252597
46200 0.498957 0.00251927
46400 0.498909 0.00250887
46600 0.499033 0.00250119
46800 0.499008 0.00249063
47000 0.499008 0.00248003
47200 0.499141 0.00247307
47400 0.499171 0.00246282
47600 0.499145 0.00245261
47800 0.499144 0.00244235
48000 0.499113 0.00243238
48200 0.499273 0.00242758
48400 0.499332 0.00241826
48600 0.499356 0.00240843
48800 0.49933 0.0023987
49000 0.49929 0.00238925
49200 0.499231 0.00238027
49400 0.499209 0.00237074
49600 0.499322 0.00236389
49800 0.499396 0.00235557
50000 0.499495 0.00234823
50200 0.499587 0.00234067
50400 0.499634 0.00233184
50600 0.499624 0.00232265
50800 0.499716 0.00231533
51000 0.499726 0.00230627
51200 0.499661 0.00229819
51400 0.499678 0.00228931
51600 0.499626 0.00228104
51800 0.499797 0.0022787
52000 0.4998 0.00226993
52200 0.4996 0.00227003
52400 0.499425 0.00226815
52600 0.499587 0.00226535
52800 0.499595 0.00225678
53000 0.499498 0.00225033
53200 0.499435 0.00224276
53400 0.499444 0.00223438
53600 0.499474 0.00222624
53800 0.499472 0.00221796
54000 0.499623 0.00221491
54200 0.499603 0.00220682
54400 0.499564 0.00219906
54600 0.499558 0.00219101
54800 0.499456 0.00218539
55000 0.499457 0.00217744
55200 0.499521 0.00217052
55400 0.499508 0.00216272
55600 0.499539 0.00215517
55800 0.499591 0.00214806
56000 0.499507 0.00214204
56200 0.499517 0.00213445
56400 0.499582 0.00212786
56600 0.499686 0.00212291
56800 0.499801 0.00211855
57000 0.499882 0.00211266
57200 0.499864 0.00210535
57400 0.500003 0.00210256
57600 0.500007 0.00209526
57800 0.500011 0.00208802
58000 0.50008 0.00208197
58200 0.50018 0.00207719
58400 0.500275 0.00207223
58600 0.50026 0.00206521
58800 0.500287 0.00205837
59000 0.500215 0.00205267
59200 0.500239 0.00204588
59400 0.500371 0.00204323
59600 0.500334 0.00203672
59800 0.500236 0.00203227
60000 0.500235 0.0020255
60200 0.500251 0.00201883
60400 0.500317 0.00201321
60600 0.500322 0.00200658
60800 0.500404 0.00200164
61000 0.500399 0.00199508
61200 0.500412 0.00198861
61400 0.500452 0.00198253
61600 0.500479 0.00197627
61800 0.500612 0.00197436
62000 0.500726 0.00197128
62200 0.500685 0.00196536
62400 0.500711 0.00195923
62600 0.500668 0.00195345
62800 0.500672 0.00194724
63000 0.500779 0.00194399
63200 0.500805 0.00193801
63400 0.500821 0.00193196
63600 0.500722 0.00192838
63800 0.500732 0.00192235
64000 0.500713 0.00191643
64200 0.500754 0.0019109
64400 0.500801 0.00190555
64600 0.500853 0.00190036
64800 0.500863 0.00189452
65000 0.500825 0.00188906
65200 0.500851 0.00188344
65400 0.500785 0.00187885
65600 0.500779 0.00187314
65800 0.500818 0.00186785
66000 0.500881 0.00186325
66200 0.500972 0.00185988
66400 0.500976 0.00185428
66600 0.501078 0.0018515
66800 0.501106 0.00184617
67000 0.501047 0.00184162
67200 0.501111 0.00183726
67400 0.500982 0.00183629
67600 0.501002 0.00183097
67800 0.500924 0.00182724
68000 0.500848 0.00182347
68200 0.500815 0.00181841
68400 0.500749 0.0018143
68600 0.500807 0.00180994
68800 0.500796 0.00180471
69000 0.50067 0.00180385
69200 0.500665 0.00179865
69400 0.500689 0.00179362
69600 0.50071 0.00178859
69800 0.500755 0.00178404
70000 0.500779 0.0017791
70200 0.500662 0.00177792
70400 0.500701 0.0017733
70600 0.500671 0.00176853
70800 0.500745 0.00176509
71000 0.500661 0.00176211
71200 0.500674 0.00175721
71400 0.500502 0.00176067
71600 0.500373 0.00176046
71800 0.500352 0.00175568
72000 0.500295 0.00175173
72200 0.500247 0.00174754
72400 0.500371 0.00174707
72600 0.500368 0.00174226
72800 0.500337 0.00173774
73000 0.500239 0.00173574
73200 0.500201 0.00173142
73400 0.500234 0.00172702
73600 0.500273 0.00172278
73800 0.50027 0.00171811
74000 0.500291 0.0017136
74200 0.500283 0.001709
74400 0.500323 0.00170488
74600 0.500374 0.00170106
74800 0.500429 0.00169741
75000 0.500408 0.00169302
75200 0.500323 0.00169062
75400 0.500376 0.00168696
75600 0.5003 0.00168421
75800 0.500365 0.00168103
76000 0.500307 0.00167762
76200 0.50022 0.00167547
76400 0.500302 0.00167307
76600 0.500243 0.00166972
76800 0.500247 0.00166537
77000 0.50022 0.00166126
77200 0.500254 0.00165731
77400 0.500323 0.00165444
77600 0.500383 0.00165128
77800 0.500505 0.00165152
78000 0.500473 0.00164758
78200 0.500413 0.00164446
78400 0.500378 0.00164065
78600 0.500326 0.00163731
78800 0.500378 0.00163398
79000 0.50041 0.00163017
79200 0.500453 0.00162662
79400 0.500495 0.00162306
79600 0.500465 0.00161926
79800 0.500583 0.00161951
80000 0.500573 0.0016155
80200 0.500653 0.00161344
80400 0.50056 0.00161206
80600 0.500595 0.00160843
80800 0.50067 0.00160619
81000 0.500583 0.00160456
81200 0.500588 0.00160061
81400 0.500502 0.00159897
81600 0.500445 0.00159607
81800 0.500441 0.00159217
82000 0.500416 0.00158848
82200 0.50037 0.00158529
82400 0.500343 0.00158167
82600 0.500429 0.00158021
82800 0.50043 0.00157639
83000 0.500421 0.00157262
83200 0.500359 0.00157007
83400 0.500368 0.00156633
83600 0.500264 0.00156608
83800 0.500224 0.00156283
84000 0.500174 0.00155992
84200 0.500174 0.00155621
84400 0.500107 0.00155398
84600 0.500069 0.00155076
84800 0.500083 0.00154717
85000 0.500103 0.00154365
85200 0.500097 0.00154004
85400 0.500043 0.00153737
85600 0.500056 0.00153382
85800 0.500047 0.00153027
86000 0.500058 0.00152676
86200 0.500035 0.00152339
86400 0.500033 0.00151987
86600 0.5 0.00151672
86800 0.500031 0.00151356
87000 0.500194 0.00151874
87200 0.50019 0.00151526
87400 0.500261 0.00151344
87600 0.500274 0.00151005
87800 0.50026 0.00150668
88000 0.500268 0.00150327
88200 0.500239 0.00150015
88400 0.500274 0.00149717
88600 0.500292 0.0014939
88800 0.500207 0.00149295
89000 0.50018 0.00148984
89200 0.500219 0.00148701
89400 0.500163 0.00148474
89600 0.500236 0.00148322
89800 0.500181 0.00148094
90000 0.500223 0.00147826
90200 0.500274 0.00147583
90400 0.500309 0.001473
90600 0.50033 0.00146989
90800 0.500301 0.00146692
91000 0.500342 0.00146426
91200 0.500335 0.00146106
91400 0.500343 0.00145789
91600 0.500263 0.00145687
91800 0.5003 0.00145416
92000 0.500304 0.00145101
92200 0.500245 0.00144909
92400 0.500242 0.00144596
92600 0.500262 0.00144296
92800 0.500263 0.00143985
93000 0.500255 0.00143678
93200 0.500329 0.00143563
93400 0.500364 0.00143298
93600 0.500336 0.0014302
93800 0.500333 0.00142716
94000 0.500307 0.00142435
94200 0.500312 0.00142133
94400 0.500268 0.00141899
94600 0.50021 0.0014172
94800 0.500243 0.00141459
95000 0.500236 0.00141163
95200 0.500258 0.00140884
95400 0.500299 0.00140648
95600 0.500318 0.00140366
95800 0.500303 0.00140081
96000 0.500245 0.00139908
96200 0.500271 0.00139642
96400 0.500335 0.00139495
96600 0.500325 0.00139209
96800 0.500381 0.00139034
97000 0.50042 0.00138805
97200 0.500438 0.0013853
97400 0.500471 0.00138285
97600 0.500367 0.00138386
97800 0.500333 0.00138147
98000 0.500263 0.0013804
98200 0.500263 0.00137759
98400 0.500362 0.00137834
98600 0.500439 0.00137773
98800 0.500422 0.00137505
99000 0.500475 0.00137328
99200 0.500485 0.00137055
99400 0.500513 0.00136807
99600 0.50048 0.0013657
99800 0.50044 0.00136356
100000 0.500462 0.00136101
