101.1
86.5
97
106.9
99
103.1
110.3
94.7
115.5
70.7
111.8
95.6
104
93.1
113
104.1
101.3
121
94.6
93
78.8
95.3
92.6
94.1
114
96.9
111.2
119.9
93.6
79.8
104.6
105.5
103.2
126.9
112.9
110.4
103.7
81.5
81.7
119.4
84.2
115.8
101.4
98.6
109.7
98.3
101.8
104
109.8
94.3
127.8
96
120.2
95.5
133.2
111.9
85.6
94
102
92.1
109.4
83.4
102
103.9
94.9
88.5
104.5
95.1
117.8
95.1
93.2
81.6
105.9
122.5
98.7
86.8
87.2
72.3
83
99.5
82.3
73.9
80.5
113
98
112
94.8
100.6
116.7
89.5
81.8
111
81.7
101.4
79.4
77
85.4
96.7
101.8
100.1
