0.0106883 0.149228 -0.13039 0.28691
2.11683 0.525733 -0.588385 -0.0831449
0.904755 0.448823 -0.537299 0.0268982
-1.03599 1.39415 0.285228 0.00758562
1.07776 -1.46174 -0.211963 0.115252
1.62494 -0.899692 -0.0331792 -0.0344616
1.19057 0.00603911 -0.159903 0.0438831
-0.747036 -0.353094 0.348125 -0.139914
0.279294 0.348104 0.138566 -0.0213496
0.845043 0.780057 0.351482 -0.110529
-0.253832 -0.0899935 -0.349737 -0.0288626
-1.48829 -0.69312 0.116993 -0.0389804
0.933494 -1.01153 0.25245 -0.00642281
-1.08444 -0.0951591 -0.156866 0.131177
1.44205 -0.196634 -0.0378167 0.121139
0.525697 0.2767 0.0944909 0.00257325
1.573 -0.0417284 -0.112591 -0.0756891
-0.0471437 0.120713 -0.147773 0.0405548
1.28653 0.173015 0.0285123 -0.26464
-0.115778 -0.189076 0.133554 0.0473592
1.90654 1.41445 -0.173662 0.0520012
-0.417692 0.472688 0.217538 0.133883
2.45298 -0.0542078 0.109185 -0.0273104
-0.224803 -1.31997 0.518737 0.0494629
0.990153 -0.0330072 0.0256239 0.00354278
0.515315 0.960066 0.131256 -0.071377
-0.0368989 -0.338311 0.131687 -0.0625939
-1.1958 0.250223 0.309594 -0.118505
-1.03913 -1.65137 -0.445374 0.0803952
0.556553 0.564676 0.0959031 0.106286
-0.59007 0.886625 0.314421 0.0677507
1.35459 -0.00739382 -0.000820483 0.0219237
-0.372365 -0.129906 -0.246719 -0.103968
0.378225 0.283188 0.193105 -0.264299
1.63651 0.365609 0.25097 0.026667
1.56459 0.38198 0.0693903 -0.157168
-1.5588 -0.877739 0.0495251 0.0368575
-1.09417 0.925991 -0.170935 -0.0642009
-0.591948 0.597733 -0.686958 -0.0289939
1.15409 0.42419 -0.165328 0.0445118
1.34989 0.37724 -0.31857 -0.0279265
-0.297902 -0.716094 0.210492 -0.0257167
-0.376959 -0.0108929 -0.0163764 -0.17551
0.1155 -0.84374 -0.486135 0.100256
0.434998 0.699181 0.1945 -0.056796
-0.483702 0.147659 0.0398409 0.129678
-0.228944 -0.429921 0.246393 -0.0425667
-3.26316 0.137747 0.249194 0.0448169
0.515823 -0.544292 -0.442868 -0.0221729
-0.734403 -0.451499 -0.208481 -0.137314
-0.790313 0.956541 0.172571 -0.0159779
1.28146 0.166962 0.281643 0.0126982
-0.103971 -0.0396968 -0.647482 0.0649003
-0.488485 -0.745882 -0.158297 -0.0120779
0.446155 0.169337 -0.173811 0.0152978
-0.233489 0.640484 -0.160459 0.0165035
1.12017 0.547108 0.358459 0.149715
-0.0926501 0.501983 0.408243 0.0833477
1.29583 1.18627 -0.0526279 -0.0382512
0.150525 -0.775022 -0.0950052 -0.0567289
0.360759 1.13314 -0.42446 -0.053199
0.0362075 0.00443664 0.0911622 0.0158497
1.48658 0.51519 0.52275 -0.12972
0.819172 0.372304 0.0141143 0.0761404
1.6428 2.38588 0.719605 -0.117193
0.860322 0.257183 -0.0378914 0.103148
1.29113 0.678494 0.0824161 0.14274
-0.444871 0.721335 0.366541 -0.0474706
1.33454 1.83756 -0.0743938 -0.0117246
1.17069 0.399209 0.39546 0.00211035
-0.817733 -0.320919 0.232181 -0.0317498
-1.80196 -0.956611 -0.313952 0.0950085
0.411877 0.281186 -0.0551651 -0.0611486
1.06702 -0.153774 -0.14625 0.0414743
1.43929 0.114185 0.0436575 -0.07175
0.176151 0.792016 0.164453 -0.177138
-0.474719 0.0595025 0.415169 0.120926
-0.00754554 -0.102729 -0.0800988 -0.185463
1.98055 -1.40645 0.597163 0.168858
0.0758404 -0.686888 0.0240521 -0.00732131
-0.159996 1.22993 -0.103364 -0.213687
0.0558808 -0.575677 0.0630482 0.153223
0.320914 -0.0888608 0.272563 0.010275
-0.151298 -0.000565789 -0.218098 -0.277098
-0.757766 0.204956 -0.0852121 -0.0080643
-0.933193 0.0437398 -0.0554792 -0.0284353
0.053776 0.0759007 0.491636 0.0318842
-0.580216 -0.251497 0.0341179 -0.049869
-0.0273295 -0.885515 -0.129253 0.0188618
-1.45936 -0.0654035 -0.531532 0.126427
-0.247738 0.402566 0.154729 0.00355143
-0.977103 0.498804 -0.0695869 -0.134716
-2.61287 -0.00567891 0.0951186 0.0785521
0.651917 0.824605 0.504483 -0.0364257
-0.480831 0.403291 -0.0362509 -0.216699
-0.60752 -0.844668 -0.127051 -0.102781
-0.741772 -0.19208 -0.517957 -0.0746487
-0.386276 0.292422 0.18243 0.00414069
-0.0203913 0.266823 0.234605 0.252978
-1.03177 1.25522 0.0601178 0.00622595
-0.483513 0.0178964 0.694956 -0.00390624
0.0220214 0.482722 0.17444 0.0838619
-0.202377 -0.0455948 0.0114395 -0.0893306
-1.13265 -0.829697 -0.15612 -0.111661
0.775207 -0.345565 0.169358 0.11669
-0.549695 0.89455 0.35284 0.0516483
-0.739253 0.541131 0.0925823 0.0421951
0.246529 0.0146053 -0.471036 -0.0281033
-1.04845 0.921902 -0.195669 0.0633756
2.44868 1.36257 -0.499029 0.187896
-0.315989 -0.207863 0.223818 0.10294
0.262148 -0.542853 -0.064458 0.0199148
0.719376 -0.622721 -0.0348936 -0.0886667
1.24759 0.514437 0.439412 0.107361
1.07488 0.70371 0.06149 -0.00180189
0.0199701 0.431277 -0.537449 -0.119737
0.490514 0.136851 0.0547169 0.0426566
-0.777993 -0.577288 -0.298874 0.0857689
-2.58712 0.89862 0.33689 0.0815995
0.855165 0.237228 0.0552191 0.113651
0.148953 -0.474799 -0.249894 -0.0644631
-0.691743 -0.383005 -0.58513 -0.0468774
-0.159947 1.13885 0.259476 0.130434
-0.227424 0.457511 0.658055 0.0293335
-1.15224 0.586063 -0.244139 0.0169783
1.20912 -0.312999 0.441218 -0.107282
0.542254 0.598599 -0.0189107 0.0632428
0.44473 -0.504084 -0.102451 -0.109441
2.00581 -1.76998 0.304093 -0.102657
-1.19789 0.478179 -0.265537 -0.180295
-1.44901 -0.437746 -0.267289 -0.126659
0.761609 0.986952 -0.476665 -0.149877
-0.725669 -0.750811 -0.32751 0.172144
0.170572 0.323712 0.0134336 0.10293
-1.74031 -0.692429 0.243081 -0.0242394
0.394641 -0.160081 -0.355152 0.107422
0.110289 0.328899 -0.17378 -0.170325
0.62379 -0.335301 0.189223 0.0494161
0.592675 0.726999 -0.121055 -0.0184839
-1.69196 0.469676 0.234466 -0.0758639
-0.164311 -0.427127 0.0301069 0.0373122
-0.234468 -0.0974436 -0.459949 0.15279
0.316053 0.341839 -0.672825 -0.0671595
-0.518119 0.227903 -0.000950789 -0.202167
-1.55683 0.206793 -0.519353 -0.151425
-0.669586 0.252556 -0.0744591 -0.00841746
-0.0733498 -1.00097 -0.594532 -0.126883
0.842522 0.98277 0.117031 -0.119402
0.229198 -0.399367 -0.178821 0.0532799
-0.474556 0.222662 -0.222482 -0.0150276
-0.489812 0.179412 -0.403092 0.0616287
-0.182412 -1.63188 0.0479138 0.0934152
-0.987009 -0.404283 0.443881 0.0259152
1.41163 1.0828 -0.094016 0.272148
1.68646 0.553798 0.376351 -0.0143195
-0.727942 -0.432436 0.241845 0.0700309
-0.90706 0.114851 -0.142192 -0.176968
0.435225 -0.354646 -0.786309 0.0187371
-0.411946 -0.442057 -0.145434 0.0586596
-0.625467 0.127511 -0.310467 -0.138828
-0.424286 -0.411992 0.450143 0.0195883
-0.829517 -0.913194 -0.074262 0.06176
1.9277 -0.315691 0.0593367 0.050335
-2.04272 0.61766 -0.212587 -0.142187
0.767111 -0.336051 0.220756 0.054535
-0.184782 -0.464407 0.263877 0.0142273
0.0901135 -0.183064 0.0863947 -0.115069
0.875912 0.380892 -0.16026 0.00193301
1.31075 -0.277575 0.623087 0.136838
0.215901 0.880196 -0.303714 -0.136064
-1.01814 0.000367521 -0.0347102 -0.109182
-0.623254 -0.412592 -0.232361 0.086555
-0.0520709 0.867386 -0.286086 0.0115527
-0.182538 -0.300541 -0.684028 0.108806
-0.562674 0.830762 0.354508 -0.0747227
0.139691 -0.351261 -0.0782296 0.0733856
0.197106 -0.815975 0.00528906 -0.0372872
2.35087 0.70455 0.334601 -0.0576903
-0.529066 -0.242613 -0.27014 -0.142756
-1.22559 -0.265022 0.238011 0.095012
-0.598302 -1.80254 -0.0907026 0.252421
-0.0494248 -0.133431 -0.181657 -0.0307145
-1.11143 0.844282 0.193281 -0.0231702
-0.775062 -0.376261 0.0262613 0.0602461
1.29101 -0.189917 -0.244659 0.0347873
1.2633 -1.33734 0.446465 -0.124087
-0.837334 0.353135 0.487055 0.00145775
0.173748 0.470321 0.449259 -0.0172584
-0.145961 -1.05302 0.425049 -0.0260185
-0.883284 0.804055 -0.251087 -0.00772184
0.545078 0.352222 -0.0516632 0.0139019
-0.808736 0.378452 -0.0393858 0.108837
-1.56777 -0.00849505 0.279735 0.00298992
0.32444 0.4617 -0.456448 0.0658362
-2.4986 0.794425 -0.0252567 -0.0411767
0.479985 -0.66549 0.183715 -0.0595697
-1.96879 0.249317 -0.0516915 -0.0486022
-0.173647 0.454587 0.335286 0.0743679
-0.908182 -0.147901 -0.21086 0.044877
-0.43844 0.895942 0.198822 -0.0194381
-1.03967 -0.284074 -0.0646208 -0.164508
-0.965126 -0.941223 -0.0827178 -0.0092122
-0.763642 -1.24939 -0.524958 -0.0840604
0.244625 0.186728 -0.313931 0.00482349
-1.66736 -0.0550688 0.302275 0.0197994
0.65342 -0.0298856 0.148007 -0.0824594
0.19952 -0.225965 -0.437837 -0.109132
-0.144498 0.84819 -0.250859 -0.0509532
-0.688215 0.00538919 0.437531 0.0382137
0.687268 -1.95183 0.0395097 -0.12002
1.04714 -0.0212611 0.158931 0.0757387
-0.0455023 0.832649 0.31387 0.00753489
1.64614 -1.60443 -0.443003 0.0669955
-0.573538 0.751364 -0.380247 -0.0459834
0.714226 0.920867 0.422559 -0.0522292
-0.953455 0.258141 -0.00448344 0.113135
-0.69463 0.28615 -0.603316 -0.0615054
0.362991 -0.0862144 0.333662 -0.172218
-1.58038 0.29414 -0.471664 0.0213056
-1.34319 0.363931 0.526566 0.203237
0.122419 -0.401231 0.246675 0.0540987
-2.3739 -0.0185456 -0.258238 0.0713367
-1.42059 -1.17365 -0.0142795 0.0342522
-1.44817 0.52675 -0.520536 0.0132236
-1.46088 -0.349507 -0.205802 -0.00066064
0.1822 -1.14665 -0.351468 0.0134011
1.53095 0.690617 0.19163 -0.0423301
-1.22209 -0.283982 -0.256503 0.0892805
-1.18317 1.69552 0.224444 0.0878648
0.178416 -0.87558 0.651716 -0.030537
1.44855 -1.06478 -0.0961377 -0.0579476
-1.91053 1.76701 -0.146194 0.0019137
-0.669491 0.010727 -0.0702956 -0.0703934
-1.23993 0.187855 0.333393 0.101788
0.0474741 0.575198 0.940244 -0.0693402
-0.059351 -0.772704 0.152274 0.122482
-0.265679 -0.481186 -0.306153 0.000858974
0.52475 0.12832 -0.142451 0.110305
0.025226 0.154817 -0.449819 0.102935
1.0043 -0.438252 0.609372 0.00825435
-0.521506 1.44048 0.340792 0.0882104
-1.34369 -0.710269 0.00977577 0.0744611
0.477983 0.626139 0.0988368 -0.0737309
-0.843717 -0.750277 0.158405 0.0338942
-0.545404 0.0307421 -0.38549 0.0288035
-0.766731 0.0343277 0.0373024 0.108635
-0.875109 0.82953 0.128138 0.143771
-1.48733 -0.176207 -0.465841 -0.0376437
-1.43397 -0.337 -0.0446082 0.0457207
-1.01583 0.314289 0.28819 0.0860323
0.295758 0.571496 0.0591503 -0.0296264
-1.48321 -0.573474 -0.0947651 -0.0903176
0.279794 -0.450308 -0.378768 -0.00789863
1.19677 0.447147 0.246191 -0.127184
-2.13946 -0.139737 -0.0656948 -0.0177321
-1.15001 0.302523 0.348825 -0.0296442
-0.16584 0.313337 0.0919713 0.294415
1.15246 0.213316 0.387261 0.0917478
-0.411339 -0.419902 -0.0014531 -0.0875711
0.632127 0.499422 1.07647 -0.0820895
0.415186 -0.0584867 0.272029 0.158725
-0.030607 -0.39678 -0.698156 -0.0406249
0.196803 -0.624707 -0.0642454 -0.176768
1.64267 0.30008 0.116784 0.00374811
1.41123 -0.297893 0.58349 -0.00871537
-1.68558 0.700025 -0.278297 -0.0997828
-0.903312 1.02523 -0.287442 -0.0341813
-1.29644 1.28898 -0.240899 -0.0157732
0.445335 -0.221202 -0.121823 -0.200579
1.02332 0.511811 0.0233327 -0.0765314
1.9068 -1.26419 -0.126295 0.0584255
-0.906376 0.117139 0.284689 -0.0511027
-0.820441 0.191535 0.177954 -0.0148002
-0.196122 0.136383 0.591804 0.0744686
-0.987451 1.39887 -0.0472932 0.036268
-0.437858 -0.298479 -0.072938 -0.0398137
1.37317 -0.330362 0.0705061 -0.0343007
-2.00005 0.213 0.179243 0.0166086
0.713278 -0.999629 0.508411 0.0949725
0.539837 0.801755 0.391361 0.10604
-2.37634 -1.07746 -0.837918 -0.159727
-0.0826013 0.879875 0.607338 0.138911
1.4531 -0.531758 0.248364 -0.0154758
0.646227 0.104542 -0.113266 0.0273025
-1.16541 1.16958 0.120169 0.00973475
1.65973 1.05428 0.496439 -0.0694391
-1.13394 1.09782 0.114664 -0.145758
-1.71665 -0.0685599 -0.0526335 0.0634697
-0.355104 0.664412 0.00604785 -0.0383436
-1.85839 1.32848 0.254248 -0.0927654
-0.814441 0.574713 -0.074207 0.0473171
1.85081 0.329771 0.197775 -0.144221
-0.176784 0.999975 -0.142065 -0.0398032
2.15479 0.228725 0.131762 0.150687
-0.667631 0.105337 0.434525 -0.0376825
-0.634303 -0.806954 -0.231259 -0.0859089
-0.716515 0.639656 -0.176937 0.0747584
-0.766447 0.626352 -0.142019 0.0611184
-0.895328 0.573557 0.259055 0.0256337
-1.13166 1.00408 -0.66082 0.020017
0.845773 0.881971 -0.0682708 0.0088432
0.00865105 -0.255191 -0.00738263 0.0145385
-0.437492 1.17613 0.152072 0.101157
0.910428 -1.15106 -0.286142 0.0860938
0.778357 -0.76123 -0.164323 -0.00290346
-0.992233 0.269075 0.295054 0.0417576
0.259608 -1.31006 -0.340361 0.071288
-0.438974 -1.09059 0.045162 -0.0103877
-1.37261 -0.381467 -0.0569617 -0.0479796
1.77936 -0.940943 -0.025859 -0.016169
-0.16943 -0.0844291 -0.424419 0.0444557
-1.08118 0.296849 0.0603753 -0.116935
0.265946 -1.03729 -0.528372 -0.036639
0.786006 -0.0968758 -0.116703 -0.0478628
-0.339041 -1.29545 0.357238 -0.0991786
0.681764 -0.82848 0.293693 -0.114559
0.495494 -0.0555266 -0.165231 -0.112267
-0.278807 -0.647284 -0.249957 0.0463721
-0.448676 0.352397 -0.340271 0.0610872
0.476358 0.895484 0.353496 -0.0189337
0.84677 -0.739178 0.106225 -0.0703695
0.17668 0.0832417 0.295607 -0.107103
0.253824 -0.275262 0.270693 -0.0266227
-0.901945 0.604983 0.396233 -0.0187202
-0.638474 0.0988163 -0.348865 0.119254
0.113991 -0.439449 -0.0844001 0.012802
0.350864 -0.272159 0.611829 0.0266851
-1.44901 0.0988142 -0.245377 0.0735315
2.32577 0.692301 -0.470225 0.177795
-1.17639 -1.90761 0.232064 0.00520868
-0.116263 0.267816 0.899035 -0.121043
0.589762 0.0882058 0.062772 -0.119688
-1.93021 -0.296892 -0.00422686 0.113637
1.50147 -0.56526 0.045572 0.128388
-0.0899742 -0.514159 -0.00479277 0.0830485
1.56171 0.0572439 0.407291 -0.0563155
-0.498278 -0.474339 -0.249376 0.191518
-2.20609 -0.196099 0.666167 -0.0994465
-0.0964963 0.725598 0.0761737 0.117279
2.27259 1.01021 0.0683996 -0.0409773
-0.00629982 -0.860564 0.157565 -0.0562983
-0.114855 0.240959 0.214897 -0.117641
-0.560342 0.993167 -0.121758 0.0664918
-0.184891 0.868385 -0.0342496 -0.020029
-0.254008 0.241616 0.431272 -0.0080954
-0.934067 -0.377441 -0.394687 -0.0771529
-0.366839 0.0141036 0.262905 0.120936
-1.81093 -0.943963 -0.479321 0.0823325
1.18465 -0.0294035 -0.192539 -0.0604935
-2.50845 -0.389082 0.0777965 -0.0388707
-0.0149603 1.63075 0.0765245 0.0651938
-0.476872 -0.772122 0.359384 -0.123539
-0.334743 -1.49815 0.0474895 -0.0144559
-0.681222 0.290148 0.652233 0.0692651
-1.23395 0.680909 -0.411856 0.0405899
0.453129 -0.928604 0.553968 -0.0752993
-0.286283 -0.510367 0.227734 -0.0532029
-0.260644 -0.6593 0.232789 0.00579818
-0.621864 0.237183 0.107415 -0.102364
0.390965 -0.526632 -0.0159743 0.0796634
-1.70629 -0.210664 0.344623 -0.132767
-1.38833 -0.238112 0.398693 0.0276656
0.474654 1.00727 -0.463403 -0.0565952
-0.319874 0.072437 0.316535 -0.024163
-2.12792 -0.0987004 -0.377083 0.237932
-0.446561 0.11676 -0.418071 -0.218714
-0.690151 0.159855 0.130152 0.0510961
0.0321916 -0.00776274 -0.0877706 0.20139
0.251515 -0.33597 -0.152986 0.208588
0.719015 0.632229 -0.164884 0.0972718
-0.623838 -0.17016 -0.0657439 -0.133288
-0.181275 -0.244838 0.141764 -0.00186359
-0.671061 -0.252396 0.128704 -0.0656423
1.44947 0.652085 0.257846 0.122345
-0.329933 -0.353055 0.770657 -0.246772
0.331412 2.04184 0.186779 0.057832
-0.340465 0.178967 -0.210827 -0.122368
1.66417 -1.25192 0.0354364 0.0135253
1.89184 -0.308124 0.16391 0.213242
0.365335 1.29022 0.0115352 0.00617471
-0.0183447 -0.0781964 0.160226 -0.00174536
-0.200595 -0.905128 0.540452 0.0422107
-0.753147 -0.171804 -0.0523881 0.015769
-1.31788 -1.89399 0.168924 0.102649
-0.167078 0.31559 0.0166975 -0.0024604
-1.4269 0.480864 0.456332 0.180188
-0.471705 0.625479 0.0185886 0.00796191
-0.603071 -0.308931 0.109622 0.0172508
1.30057 -0.0949551 -0.487885 0.0635139
1.17478 0.0597833 -0.173629 -0.0569776
0.393496 -0.534057 -0.0762542 0.0475246
-0.175443 -0.302745 -0.285812 -0.0917489
-0.555793 -0.48248 0.516564 0.0870377
-0.596676 0.550167 -0.376173 0.133247
-0.668975 -1.11092 0.3727 -0.275495
-0.572608 -0.0811499 -0.274162 -0.0664834
-1.20706 -0.191504 0.0304542 -0.016312
-0.958424 0.205991 -0.22222 -0.00822677
0.437918 -0.0645455 0.0290681 -0.0774921
-0.12144 -0.686929 0.60243 0.0358687
-0.637658 -0.314341 -0.655644 0.0500368
0.796237 -0.453545 -0.459301 -0.0652493
0.261101 0.0660518 -0.566335 -0.0585999
0.73445 0.302254 -0.115259 -0.0977204
0.434278 0.2843 -0.0167718 -0.097234
-0.45823 0.535626 -0.0511105 -0.093044
-1.25024 0.435205 0.0563011 -0.13787
0.31771 0.626931 0.0147657 0.00437925
-0.857086 -0.602126 0.280742 -0.215398
-0.764799 0.106322 0.0542065 0.0709777
0.325854 1.34806 -0.522802 0.119291
-1.73789 -1.40344 -0.185625 0.0185203
0.627612 0.537479 -0.159464 -0.160333
0.664004 -0.973743 0.223933 -0.0536653
0.712479 -1.3227 -0.205393 0.0153633
-1.65259 -0.0380648 0.0684139 0.0925533
-0.0316282 -0.170445 -0.207701 0.0803434
1.24496 -1.2454 0.471909 -0.0613532
0.144268 -0.104767 0.135768 0.121556
-1.85213 0.85214 -0.402953 -0.031354
-0.797828 -0.190868 -0.623187 -0.179908
0.210848 0.339292 -0.0848263 -0.0285656
-0.957658 1.26185 0.545136 -0.0728228
1.02066 0.380312 0.0527338 0.0104043
1.19827 -0.608503 0.266645 0.0519821
-0.358396 -0.0773507 -0.31558 -0.0179253
0.00809472 0.327007 -0.226764 -0.00626824
-2.56815 0.602468 -0.093302 0.133016
-0.599997 -0.436995 -0.412272 -0.0423365
0.125157 0.514066 -0.191229 0.0151929
-0.674075 0.216724 -0.0437596 -0.045622
-0.0990167 0.254782 0.291569 -0.151176
-0.0715613 -0.75559 0.250543 0.0064144
0.091645 -0.0504113 -0.250692 -0.0536087
0.054166 -0.13943 -0.2512 0.0550187
-0.384483 0.147619 0.950493 -0.0712154
-0.0527195 -0.266369 -0.128042 -8.86502e-05
1.89452 -0.0400854 -0.441949 -0.0523873
0.0335014 -0.0384078 -0.120653 0.159681
-0.341981 0.430057 0.0562832 -0.0410241
-0.327439 1.78647 -0.453622 0.0885534
-0.506684 -1.19076 -0.214754 -0.0005752
-0.539624 -0.416985 -0.41943 0.0966966
-0.772916 -0.485881 0.104242 -0.11363
-1.31991 1.02941 -0.294472 0.259666
0.781846 0.0199651 -0.0827201 0.00675151
1.19444 0.476542 0.610744 0.121232
0.00750783 -1.39157 0.138693 -0.0277098
0.00832779 -0.488368 0.14759 -0.028533
0.53015 -0.245373 0.37172 -0.0481397
-0.830559 0.75647 -0.0710622 -0.0704673
-0.20072 0.00934104 -0.147002 -0.0284705
0.505918 1.12182 0.0727535 0.153885
-0.545486 0.84762 0.167462 -0.0317138
0.892503 0.630262 0.145825 0.035417
0.714258 0.0236541 0.17311 0.102382
0.504113 0.28027 -0.0240822 0.0469984
0.820734 0.166603 -0.119174 -0.0655557
-0.808834 0.130235 0.325449 -0.277872
-0.0150533 -0.535021 -0.146782 -0.0022723
1.06248 -0.214181 0.0444013 -0.0396619
-1.60339 0.177167 -0.39004 -0.0393935
-0.901006 -1.45556 0.0336037 -0.126942
0.334981 0.0684955 -0.0609589 0.0249865
0.0768979 0.232095 0.0899155 0.102975
0.433033 0.212217 0.169891 -0.0346577
-0.2869 0.20185 0.0645913 0.166546
-0.520689 0.915573 0.118011 0.0178215
-0.729982 0.618066 -0.286532 -0.093285
-0.963975 0.566457 -0.358926 -0.0250131
-1.70277 -2.33857 0.0986804 -0.210719
1.07411 1.18549 -0.169496 0.0327289
1.47648 0.049781 -0.495832 -0.0200889
-1.05352 -1.33869 0.191723 0.0865375
-0.74038 -0.131478 0.31106 -0.00826654
0.71513 0.352199 0.212747 -0.000522456
0.914129 -0.809738 0.173382 -0.042961
0.324517 0.315708 -0.0295248 -0.00309293
1.45947 0.603425 0.697621 0.131284
0.0880101 -0.361802 0.215417 0.0779965
0.658888 1.23665 -0.228011 0.042838
0.882338 -0.241783 -0.0112989 -0.161783
-2.62297 0.974505 -0.0873416 0.0230628
0.0811232 0.728029 -0.192406 -0.0867415
-0.519499 1.12697 -0.0150783 0.093392
0.516762 0.659969 -0.249271 0.0453313
-0.849768 -1.0171 -0.648149 -0.0663019
-1.80734 0.285585 0.696672 -0.0294464
-0.204397 -0.330245 0.171946 0.024789
0.241027 -0.0399541 -0.2736 -0.045772
-0.989482 -0.309599 0.506261 -0.217408
-0.924196 -0.0424334 0.0986494 -0.0174941
0.444247 0.317881 -0.0614354 -0.00957474
-1.20998 -0.860515 -0.449797 -0.0678294
-1.18616 -0.107721 0.098345 -0.054307
0.762744 0.153006 0.181718 -0.145633
0.222026 0.217448 -0.00500781 0.179335
-0.766827 -0.386938 -0.269879 -0.0962438
-1.12087 0.899576 -0.0778733 -0.103152
-1.34308 0.740504 0.12838 -0.046614
1.21838 0.300269 0.103772 0.0549745
0.241008 1.07131 0.294326 0.193
-0.0543839 -1.39453 -0.100794 -0.0278291
0.991854 -0.150253 -0.653713 -0.124441
0.0924065 -0.0188218 0.0618556 0.21939
0.550995 -0.523453 -0.284375 -0.0202062
0.727211 -0.427388 -0.0849673 0.147551
1.61295 -1.3343 0.0363461 -0.0882746
-2.64666 -1.57016 0.19474 0.0592212
0.399097 0.624943 -0.297072 -0.10645
-0.194818 -0.507174 -0.0760088 0.118963
0.357845 -0.308782 -0.133256 0.00124067
0.0390106 1.75392 -0.0743595 -0.0586951
-2.19202 -0.207846 0.225228 -0.0450687
0.0495002 -1.19015 0.061782 0.0836489
-1.54843 0.559047 0.115339 0.0887355
1.06861 -0.546849 -0.156834 0.0919012
1.75477 -0.269794 0.0385185 0.119194
1.08559 0.849988 -0.193857 0.12034
0.0719066 0.0783872 -0.0599809 0.0305597
-0.163216 0.00343413 0.333096 -0.0622055
-1.49499 -1.16888 -0.00974788 0.0302892
-1.08461 0.220092 0.143971 -0.0895277
-0.0739373 -0.0390916 -0.177093 -0.139532
-0.563923 0.729741 0.0384376 -0.134711
0.269424 -0.165945 -0.0396805 -0.291095
0.514723 -0.470481 -0.219871 0.0481418
0.811023 1.78677 -0.0565102 0.0260241
-0.176834 0.275265 -0.405226 0.209075
0.55035 -0.667568 -0.273347 0.0695744
-1.01674 -0.324891 -0.162347 0.00553227
-0.357157 -0.875435 -0.000901556 -0.134061
-1.11893 -0.599106 -0.0630714 0.0284854
0.189543 -0.53305 0.0942815 -0.0430554
-1.29691 -0.786047 0.0955293 -0.0343647
-2.18418 -0.810427 -0.16377 -0.129242
-0.121452 0.691553 -0.208228 0.0315481
-0.29474 -0.0440008 -0.180529 0.053165
-1.0377 -0.0753223 -0.440787 0.10007
0.509069 0.792917 0.0435712 -0.0551807
0.487276 0.26083 0.120827 0.0835792
0.027512 0.702864 0.247604 -0.0785242
-1.26112 0.0941534 -0.0830272 0.0857408
0.575681 -0.694506 0.508082 -0.0740433
0.284398 -0.163312 0.347939 -0.195638
1.35385 0.302905 -0.250701 0.0220887
0.926639 0.182816 0.322027 0.102152
-0.48995 0.353105 0.0105474 0.0700884
-1.61718 0.512823 -0.0453747 0.0169491
-0.00662079 0.782142 -0.051133 -0.0315804
-0.31348 -0.650929 0.296146 -0.137799
-1.08157 0.0930667 0.00420222 -0.14431
1.55601 0.0662828 -0.0367244 0.0319367
1.32372 0.74664 0.16269 -0.0805469
-1.25678 -0.19866 -0.00154471 0.0801733
0.0967799 -0.14248 -0.111695 0.175379
0.70509 0.830845 0.158669 0.0459578
0.622048 0.108212 0.072775 0.0352302
0.14777 -0.840716 -0.478799 0.0704618
-2.16093 -0.367891 -0.13704 0.146447
-0.304404 -0.0913038 -0.734015 0.00497169
-0.192898 0.502844 0.249201 0.0874914
-1.08453 -0.427852 -0.263835 0.0767681
-1.38441 0.0187801 0.132492 0.150436
-1.31773 0.457622 -0.471183 0.0205914
0.29448 -0.556704 0.539151 -0.0143621
0.724228 0.7862 0.321602 -0.0323963
1.18227 0.0440549 -0.338948 0.0130701
0.395137 -0.0816217 0.246241 0.041572
-0.862052 0.501138 -0.130449 0.117811
0.762886 0.933575 0.0736983 0.0766826
-0.954955 0.973247 0.0186318 0.0352628
-0.682145 -0.383574 0.441893 0.000469789
-0.285683 -0.243556 -0.122208 -0.14166
-0.00016151 0.574678 -0.418728 0.206314
-1.46702 0.319184 0.656485 0.0348933
0.697309 0.435857 -0.191516 -0.0973629
1.01179 0.305991 -0.261418 -0.0277104
-0.660281 0.184189 -0.568188 -0.141549
-0.355397 -0.679649 -0.113453 -0.073886
-1.38252 1.16763 -0.145483 0.106943
0.0147657 0.522155 0.0541714 -0.0521172
1.2942 0.598971 0.509939 -0.0443394
-0.553967 0.325104 -0.247748 0.0807079
-1.19814 0.514355 -0.00243116 0.0108198
0.630763 -0.969479 -0.337696 0.115296
0.464145 -0.226416 -0.125967 0.23697
0.402556 0.494824 -0.766978 0.0259171
-0.521539 1.22644 -0.0881788 0.0305153
0.758997 0.680927 -0.025721 0.201217
-0.904467 0.46997 -0.122497 -0.0277867
2.12381 0.429711 -0.814212 -0.049752
-0.127058 0.904689 -0.957558 -0.153542
0.563775 0.301943 -0.116665 0.0293795
0.0359493 0.36856 0.264099 -0.129732
0.298308 -0.361705 0.0638291 0.106634
0.0164183 0.667118 -0.292256 0.0690952
0.187137 -0.711737 -0.0761908 0.0044304
-0.0879971 0.371002 -0.155807 -0.21991
-0.176806 -0.0964841 -0.144612 -0.0275604
0.89768 1.3306 -0.403962 0.132364
-0.610658 -0.44356 -0.187824 0.152039
-1.00203 0.559947 0.0729138 -0.0878691
0.358884 0.718329 -0.343803 -0.0711335
0.0162852 0.174508 0.00502863 0.0106588
-0.217604 0.437715 -0.228262 0.0812144
-1.97941 0.0859503 0.408666 0.0712647
2.03917 0.147127 0.504022 -0.00579771
2.15842 0.927218 -0.066906 0.0171447
-1.64508 -0.133911 -0.492735 -0.0454644
0.735695 -0.98025 -0.576412 0.251979
-1.15802 0.74531 -0.206685 -0.019331
-0.692164 -0.434574 0.33079 0.1614
1.30789 0.343627 -0.2615 -0.00068899
0.685191 0.345198 -0.137448 -0.0478232
-0.505591 -1.13738 -0.568096 0.0417116
1.11677 -0.384084 -0.404098 0.00449227
-0.584745 -1.15493 -0.164015 -0.0979319
-1.42526 -1.85733 -0.338118 0.0370672
1.69672 -0.949477 0.298518 0.142544
-2.71632 -0.169692 -0.418025 0.0880405
0.942778 -1.34108 -0.428979 0.210526
-0.509492 0.174901 0.17649 -0.0204229
-0.206991 0.00266633 -0.173456 0.0681093
2.59258 1.30203 0.678669 0.0508769
-0.85955 -1.27639 0.0724226 -0.0882377
-2.50756 -0.812445 0.0917132 0.0341892
1.72333 -1.19546 0.746255 -0.147714
0.302283 0.662639 -0.13069 -0.0118006
-0.240685 1.23144 0.236119 0.209735
-0.100152 0.993185 0.397846 0.0919387
0.579603 -0.121401 -0.290732 0.0220936
-1.31549 0.23424 0.458507 0.0288678
-0.34186 -0.185002 0.460464 0.0105686
-0.206247 0.131454 0.523176 0.0218466
-0.157794 0.762587 -0.334881 0.068713
-0.213106 -0.931134 0.275548 0.0570324
-2.39127 -0.611471 0.201628 -0.0190286
0.292129 -0.342279 0.708292 -0.0868568
-0.613316 -0.484453 0.172069 0.165947
-1.90679 -0.12485 0.249108 0.0763756
0.0109629 -0.925154 0.690751 0.00594998
-0.434395 -0.25187 -0.530377 0.0702671
1.54366 -0.527812 0.291438 0.20599
0.762928 -0.272462 0.00214851 -0.0701676
2.00066 -0.0313329 -0.0205019 -0.108885
0.537202 -0.160224 -0.135077 0.0414083
0.129361 -0.537637 -0.174212 0.0220523
-1.97987 -0.755791 0.121201 -0.0545017
-0.185345 -1.44027 -0.113985 0.00200824
-0.270953 1.30244 0.134453 0.0104093
1.51693 -0.481127 -0.357954 0.161634
0.684064 0.332674 -0.0525134 0.0416159
0.315338 -1.03091 -0.109472 0.0421798
-0.271262 0.153933 0.174 0.0634726
-1.00445 -1.18407 0.469263 0.0425016
1.05533 0.0134647 -0.266321 0.000722548
0.506125 0.128587 -0.16664 0.025438
-0.180203 0.376356 -0.0863977 0.0181834
-0.937831 -0.282673 -0.366148 0.0864008
0.903127 0.596518 0.0462285 -0.134267
-0.720391 0.238191 0.229925 0.103039
0.945187 -0.399812 -0.304167 -0.0325779
-0.743579 0.615805 -0.0103588 0.0383648
-0.791606 -0.370418 -0.0648915 0.10015
-0.457036 -0.128221 -0.635841 -0.0648541
1.26478 0.153425 0.550636 0.0383506
3.0367 -0.938239 0.163012 0.120951
-1.05515 -0.637108 -0.189146 -0.0475035
1.44653 0.0727837 0.0586205 0.151284
0.921564 0.545066 0.382763 -0.0650223
-0.340434 0.703009 0.242807 -0.0312085
1.1094 0.0917606 0.139124 -0.168165
-0.0166437 0.529151 -0.156042 -0.039651
-1.29481 1.21866 0.113428 0.136882
1.23775 1.10785 0.516001 0.06135
-0.844987 0.474366 -0.156771 -0.128533
-0.0140364 -0.528756 -0.289171 0.0276758
-0.882029 0.404559 0.157796 0.0343945
-0.0125538 1.13888 0.0473075 0.00348328
1.14081 -0.541898 0.278381 -0.110457
-0.960734 -0.498607 0.586635 -0.0526229
-0.202447 1.02002 0.624516 0.237175
1.02262 -0.0733744 0.214067 0.0748152
0.361201 0.666337 0.153545 0.00296489
0.638842 0.0160176 0.158372 -0.138852
0.0345791 0.935034 0.150923 0.0336984
-1.62239 -0.196572 0.14678 0.138419
-0.310925 0.234036 0.332879 -0.113142
0.146031 -0.134132 0.14721 0.0431229
1.13968 0.450509 -0.552172 0.110853
-0.598143 -0.405353 -0.208102 -0.157546
-2.16537 -1.32698 0.439975 -0.031559
-0.160709 -0.210923 0.338225 0.159844
1.88879 -0.545608 0.573601 -0.118406
2.18104 0.489634 0.116849 -0.00625959
-1.13733 -0.15981 0.239944 -0.00904114
-0.842644 0.381663 0.241791 -0.0124144
1.0085 -1.371 -0.284358 -0.118538
0.829371 0.221569 0.794937 0.0725973
-0.671098 0.923355 -0.0808167 -0.0546748
0.0443773 -1.29876 0.096506 0.0196497
-0.589635 0.152019 -0.191137 -0.110015
0.549528 -0.606393 0.110909 -0.139539
-0.202682 0.797252 -0.810197 -0.0489343
-0.978241 -1.90506 0.0665727 0.114092
0.879969 -0.187207 -0.331711 0.00184933
0.487142 0.613394 0.114796 0.203772
0.519486 0.542133 -0.784394 0.0801817
-0.179767 0.0904534 -0.0602886 0.0915301
1.38384 -0.634773 -0.10039 0.0652462
0.877582 -0.0609618 0.297896 -0.135327
1.16078 0.478375 -0.326314 -0.00145105
2.61685 -0.675176 0.304898 -0.0347587
-0.870375 0.153228 0.183662 -0.189646
-1.35515 -0.427736 0.147805 0.0573912
0.138767 1.54597 -0.0135081 -0.0335791
0.723252 -0.847793 0.284996 -0.143472
1.08967 0.396152 0.217552 0.0636015
0.647386 -1.28512 -0.127548 0.102707
-1.23326 1.27025 0.121423 0.150119
-0.151172 -0.21651 -0.143893 -0.0430516
-0.737966 0.355547 -0.846461 -0.0295569
0.665133 0.522933 -0.241184 -0.162294
-0.314688 0.590526 -0.457925 -0.000621734
1.72949 -0.791375 0.0110222 -0.0782257
-0.526758 0.349344 -0.473002 -0.0527759
0.101636 -0.802619 0.157151 -0.072143
-1.25812 0.275696 0.16544 0.135154
0.1239 -1.06904 0.225451 -0.124239
-0.0764923 0.784255 0.261446 -0.0496668
-0.0625114 0.66577 -0.013939 0.0135205
-0.409239 -0.0767284 -0.0614921 -0.0483675
-0.762502 0.948814 -0.237164 0.0372577
-1.29339 -0.203087 -0.286374 0.123884
0.429066 0.0563559 -0.136128 0.0147323
0.916482 1.04808 -0.0625744 -0.208729
1.37663 -0.068373 -0.339073 0.0986991
1.9263 -0.615163 -0.30642 0.0433728
-1.16934 0.310493 -0.245515 0.0271924
1.00453 0.831206 0.242295 0.177468
-0.528734 -1.24552 -0.188899 -0.154813
0.448737 -1.66852 0.372036 -0.111896
-1.45062 -0.576013 0.149086 -0.0143945
-0.781664 -0.891736 -0.248751 0.00136043
-1.84539 -0.94695 0.33073 -0.126411
-0.153404 -0.0527466 -0.274808 0.110317
0.248867 0.482395 -0.339602 -0.0644165
1.7269 -0.996113 0.0525842 -0.0486989
-0.532951 0.421853 -0.194247 0.152316
-0.375402 -0.291248 -0.90461 -0.0278159
1.72767 1.01146 -0.339884 -0.0894387
0.762869 -0.490087 0.0691531 0.0219451
0.763479 0.0165292 -0.295163 0.0416229
-0.299072 -0.557064 0.123042 -0.125371
-1.0389 -0.173217 0.196303 -0.0311272
-0.00229229 -0.640338 -0.0212334 0.0806903
-1.80239 0.508544 -0.574794 0.129987
0.565427 0.370598 0.0857942 -0.0672352
-1.36467 -1.12834 0.0385098 0.0300213
-0.1269 -1.04951 0.401584 -0.12188
0.391029 -1.01857 0.484515 -0.024425
-1.26548 -0.494735 -0.142999 -0.00149998
-0.276459 -0.290346 0.0936001 0.0853474
-1.05023 0.406362 0.372915 -0.24212
0.898631 1.07869 -0.0606612 0.00919491
0.087037 0.132523 -0.299504 -0.0744347
0.545901 0.353417 0.12616 -0.204773
0.6417 -0.684791 0.29265 -0.0160205
-0.933091 -0.0328322 0.274833 -0.034268
0.82722 1.64582 -0.0420627 -0.0336287
0.0934937 -0.382617 0.102 0.177864
-1.76565 -0.269402 0.12106 0.132787
1.05802 -1.7229 0.217808 0.0227413
-0.0906481 -0.21832 -0.282207 0.0179289
-0.911007 -1.71685 -0.810539 0.024488
2.42994 0.987584 -0.20013 -0.00954934
-0.412331 0.820197 -0.499446 -0.0424245
0.0605471 0.912108 0.136815 -0.0478012
-0.0419166 0.346824 0.167116 -0.0475377
1.58042 1.11587 0.0823446 -0.0514865
-1.45535 1.03418 0.703406 -0.0592244
0.638891 1.4467 -0.112645 -0.100855
0.519784 -1.00497 -0.278828 0.172493
0.608909 -1.0631 -0.0553989 0.0468563
0.0724504 1.14257 0.389298 0.0402842
1.7758 -0.595904 0.218267 0.0332726
-1.70989 -1.2021 -0.0364096 0.0246594
-0.548427 -0.377349 -0.659077 0.0942856
-0.822462 0.143603 0.0500612 -0.068085
0.458313 -0.521828 -0.162788 -0.110741
0.678112 -0.20982 0.355748 0.0437795
-0.971247 -0.179987 0.228586 -0.0335692
0.353165 0.86542 -0.620631 0.0338494
-0.690422 -0.361024 -0.275214 -0.0492816
0.165419 -0.535664 0.500291 -0.077025
-0.205454 0.0265665 0.0625848 0.0113297
-0.0869514 0.337556 0.00918808 -0.0143174
-1.33578 -0.0471597 -0.359758 0.120471
0.959853 0.945647 0.0116268 -0.0867086
-0.625563 -0.54504 0.156515 -0.181128
0.383873 0.0272636 0.0383454 0.0287959
0.754189 -0.324031 -0.368556 -0.198145
-0.215995 -1.06128 0.0256044 -0.0111161
-0.191343 0.212209 0.293651 -0.0118454
1.31738 -0.347097 -0.430974 0.0475969
0.373885 -0.272272 0.0293957 -0.0845289
-1.1677 -0.0617735 0.261048 0.026552
1.67899 -0.341474 -0.15396 0.0504515
-0.307047 0.471064 -0.258717 0.0572367
-0.985478 -0.352262 -0.38907 0.00863808
1.10263 0.36521 -0.537972 -0.0903149
-0.282595 1.00117 -0.151842 -0.0607742
-2.38452 -0.157536 0.106657 0.072591
1.39742 -1.29103 -0.080344 0.0189945
2.11149 -0.400257 0.509252 -0.000895731
-1.63092 -0.338326 -0.212089 0.0806619
-0.85302 0.934465 0.224858 -0.132534
0.801263 1.67318 0.326903 0.158456
-1.30506 0.49338 -0.731233 -0.100336
1.22866 0.662191 0.335336 -0.0118691
-1.58149 0.403817 -0.316569 0.172295
-0.495397 -0.732173 -0.204662 -0.192657
0.733841 -0.5192 0.19293 -0.0982903
2.00846 1.0731 0.35902 -0.00559276
-0.424168 0.668454 0.167772 -0.0686183
1.60913 -1.00073 0.0677717 0.0558617
-0.468962 -0.388208 0.0211113 0.156483
0.17248 0.261555 -0.334981 -0.0339322
0.743952 -0.673947 0.564101 -0.0331189
-1.92249 -0.0673364 -0.226273 0.10122
-0.693786 0.987624 -0.391547 -0.0830393
1.95686 -0.422039 0.0647254 -0.106773
-0.295651 0.0810957 0.331717 0.11303
-2.04887 0.710136 -0.0852285 0.0103155
2.37107 1.4594 0.336923 0.14695
-0.471091 -0.303627 0.099965 -0.00735364
0.329132 0.376413 0.384468 -0.0427874
1.59462 0.324225 0.465393 0.0353119
-0.640424 0.548249 -0.00623054 0.216088
-0.682147 -0.293058 -0.134206 0.0249846
1.16933 0.515289 0.0721653 0.113702
0.668967 -0.508092 -0.178288 0.0153557
0.581008 -0.348042 -0.464467 -0.0510061
0.470652 1.03547 -0.572026 0.205162
-2.93081 -2.00299 -0.461799 -0.0977517
1.01882 1.38634 0.363285 0.0861037
-1.59993 0.132252 -0.0777091 0.188133
-0.00533387 -0.558741 0.109242 -0.040952
-0.05631 -0.436358 0.532592 0.0649337
-0.741127 -0.686683 0.127337 -0.0566245
-0.72827 0.128259 -0.756405 0.0712895
0.964509 -1.24041 -0.48659 0.194048
-0.842433 -0.675289 0.362537 0.0960936
-0.339658 0.431563 0.148645 0.176376
-1.49507 0.513116 -0.224392 -0.103671
0.352501 -0.531157 0.107327 0.0301211
1.23761 0.88036 -0.293832 0.126465
-0.45856 0.0220799 -0.430146 0.18514
-0.566742 0.422379 0.0698212 -0.0350736
-0.401724 -0.514535 0.0901233 -0.0140043
1.53508 0.494093 0.453835 0.00959651
2.02655 1.61116 -0.10385 -0.137643
-0.456163 0.550212 0.0888186 -0.221123
-1.27806 -0.176884 0.358755 0.0114538
-0.453986 0.122351 0.376117 0.00662952
-1.25417 0.632736 0.132803 0.0379409
-0.457684 1.7856 -0.140757 0.0102337
1.99671 -0.315716 0.102087 -0.0605221
1.14595 -0.0284495 -0.252394 0.0355959
-0.333464 -0.569069 0.192009 -0.0137133
1.1375 -0.464016 0.459087 0.160746
-2.17817 -0.758207 -0.036896 -0.0373228
-1.09638 -0.726818 -0.197416 -0.0817651
-0.21886 0.0337198 0.1808 -0.0250872
-2.10174 1.3601 0.115509 -0.124351
-0.81562 -0.0478898 -0.215315 -0.006358
-0.566321 0.226708 -0.374998 -0.214365
-0.678023 0.314985 0.652818 0.0756432
2.42163 -1.27279 -0.0438916 -0.085168
-0.276402 -0.824322 0.575757 -0.0452811
0.918833 0.47275 -0.675389 -0.249187
-0.794534 -1.63587 -0.567684 0.0159608
-0.562994 -0.555281 0.759867 0.135382
-0.270442 -1.05107 -0.261319 -0.191851
-1.00721 -0.135405 -0.303408 -0.00294133
-0.724613 -0.403813 -0.0856403 -0.0272174
2.11054 -1.26657 -0.0749645 -0.0896055
0.345827 0.0245609 -0.0595099 0.0501466
0.48734 -1.3325 0.0329288 -0.0231882
-1.25432 0.0230336 -0.0470478 0.0776098
-0.750958 -0.942633 0.100455 0.103717
-0.12149 0.0781847 0.235405 -0.0179276
0.0710992 0.316475 -0.337352 0.10411
0.194843 -0.206267 -0.277089 0.170915
0.379886 1.24299 0.419497 -0.24745
-0.0230553 -1.47443 0.176811 -0.00232141
0.0892211 0.845693 -0.0687335 -0.077465
0.121944 1.03663 -0.0830104 -0.00309262
1.69878 -0.164302 0.330694 -0.0562543
0.671525 0.201086 -0.319655 0.216691
1.24015 0.0213238 -0.65586 0.046887
0.191982 -0.357861 0.664718 -0.0489331
0.624709 -0.210031 -0.660688 -0.0243016
0.346579 0.214972 0.283172 -0.0735626
-0.720215 0.444905 -0.140415 -0.0871275
-0.406742 -0.461477 -0.0457267 0.260424
-0.553799 0.0531308 0.194377 0.0206973
0.539172 -0.828344 0.627068 0.0193762
-1.51081 -0.423219 0.198933 0.039926
-0.995834 -0.216417 -0.350299 0.0733579
-0.689515 1.12809 0.0961113 -0.0436181
-0.221482 -0.597004 0.327006 -0.0924492
0.128494 -0.92828 -0.592046 0.0538714
-0.218008 1.43256 0.162675 0.0299853
0.518319 -0.980147 0.284085 0.0549394
0.274039 -0.00372597 -0.200204 0.0773531
-1.47784 0.945422 0.0813866 0.0451586
-0.355 0.0729449 -0.0483019 -0.174248
0.468012 -0.470104 0.385427 0.176997
0.454489 1.19424 -0.728605 -0.0295866
-0.443563 -2.04041 -0.725251 0.0665033
-0.90444 -0.969439 0.0542864 0.0930567
-1.15829 0.813635 -0.700828 0.0434033
0.364882 -0.595041 0.0200994 0.0480685
-1.91218 0.294375 -0.430804 0.280538
-0.545696 -0.651039 -0.106299 0.120347
-1.28948 -0.609971 -0.145398 0.166831
-0.858378 -0.456253 0.243145 -0.0135858
0.621461 -1.22838 -0.396147 -0.00732832
0.332154 1.30051 0.694777 0.118012
1.04892 1.37641 0.112142 0.0665094
0.465759 -0.513294 -0.523923 -0.197054
-0.921162 0.0508705 -0.708985 -0.0377926
-0.541447 -0.207683 -0.25632 0.228637
0.585371 0.568802 -0.0677533 0.167778
0.141108 -0.725889 -0.0478683 0.159678
-1.23596 -0.663063 -0.435087 -0.0606866
-0.738156 -0.942681 0.102385 -0.102016
1.05402 -0.095164 -0.416824 -0.0370215
1.27168 0.200561 -0.247226 0.0696441
0.0518767 0.0321965 -0.181592 -0.0562875
-1.75031 0.11628 0.30231 -0.059887
-0.666743 0.497151 -0.178621 0.00604113
-0.415377 -1.01919 0.210982 -0.144674
-0.180317 -0.0396217 -0.280976 -0.130481
0.54908 0.0259745 -0.110637 -0.266283
-0.302864 0.352144 -0.0686919 -0.0309657
0.421518 0.321951 0.158234 -0.0485189
-1.03005 -0.415803 -0.224542 0.0614091
0.314331 -0.3661 -0.519514 -0.104653
1.21608 0.289239 -0.206392 -0.112192
-0.723009 0.115389 0.124053 0.0330007
0.52706 0.359038 0.0108304 -0.173755
-0.181295 -0.300323 0.486803 -0.0313725
0.181849 -0.221067 0.514547 -0.171579
0.675501 0.649447 0.393388 0.040676
-0.192026 0.773783 0.382356 -0.0406145
-0.715691 -0.00600442 0.277274 0.064935
-0.185678 0.962919 -0.217292 0.0399479
-0.745578 1.06151 -0.79131 0.148112
-0.836779 0.528071 -0.107603 -0.0209841
0.0834642 0.311014 0.554996 0.197989
-1.57626 0.851305 0.427464 -0.0174357
0.650397 0.753486 -0.474734 0.0483811
-1.96012 1.28747 0.0471761 0.0715144
-1.86933 -1.28709 0.538386 -0.0561987
0.765502 1.82052 -0.324136 0.103164
2.03989 -0.588502 -0.0860285 0.193019
-0.42298 -0.280103 0.228452 0.037144
1.04834 -0.399032 -0.606229 0.0190745
1.10057 0.844825 0.196731 0.0706792
-0.442904 -0.640796 -0.112628 -0.164358
-0.912661 0.405937 0.13907 0.118947
-0.461399 1.44334 0.10222 0.0773343
-1.03783 -0.226431 -0.0036717 0.0505277
0.946103 0.0597815 -0.229796 -0.0280167
0.172741 -0.411673 0.453662 -0.0161781
-1.07774 -1.24544 0.238544 0.00348493
0.429798 0.147771 -0.299235 0.00206949
0.569906 0.240749 0.332577 0.0449749
-1.09248 -0.349138 -0.147887 0.0434844
0.282871 0.00522757 -0.358857 -0.174159
-1.18179 0.456442 0.387433 0.231457
0.657885 -0.778851 -0.223926 -0.0278366
-0.6144 -0.948875 0.0742136 -0.138202
-0.354886 0.612233 -0.469368 0.134553
-0.594157 -0.250018 0.541462 -0.117767
0.874014 -0.247898 -0.000434087 0.0797263
0.169373 -0.903049 -0.0676256 -0.0126607
1.25449 1.32878 -0.206723 0.0431564
0.361703 -0.490452 0.123368 0.0190899
-0.724284 -0.941116 -0.147867 0.117868
-0.689736 -0.0995337 -0.577173 0.114486
0.461718 -1.4938 -0.0573758 0.0560597
-0.905365 0.336954 -0.0305004 -0.121588
-0.583306 -0.468564 -0.140046 -0.059733
0.972548 -1.68971 0.28483 -0.121996
0.698276 1.1066 0.448113 0.0814819
-0.522949 0.538827 0.37281 -0.0989324
