1.39495 0.377804 -0.567197 0.512058
-6.74501 0.410135 0.501733 0.376695
-27.2728 -0.262762 -0.148838 4.21919
-6.51092 -0.409399 -2.83007 -1.68715
0.297527 -0.138027 -1.23035 -0.112597
-7.35829 -0.430767 -0.962818 1.9853
-0.450026 0.386487 -0.687062 0.152508
0.390459 2.3264 -9.93407 2.63537
-43.9084 -3.5704 6.29103 1.5565
1.00455 -0.118884 -1.75275 -0.242191
-0.379188 -1.1953 0.0436298 -1.62426
2.86465 4.16406 -6.47792 0.487982
0.260516 2.8048 6.70747 0.269164
0.327289 0.540072 5.02895 0.256874
-0.0142745 0.0315369 -5.03901 0.180868
1.6341 1.18229 -23.5745 -1.77325
0.902265 -2.52106 -0.012415 23.9506
-0.805389 -1.97455 -0.833963 -0.555185
-7.81977 -21.3787 -3.03622 -3.23604
1.28481 1.12602 -0.567047 0.315975
-3.4851 -1.88 -1.49123 -1.03638
-0.122526 0.300779 -0.70965 0.471741
-2.14309 0.0547332 9.14864 -1.17813
-1.8196 -0.176415 -16.057 1.22775
-0.334406 0.826221 -0.701156 0.510806
-2.26441 -364.1 0.295416 1.2977
0.313633 -0.0995871 -4.81008 -0.771052
-0.852483 0.00616777 -0.0222374 3.48339
-0.319338 -8.02811 0.0195701 -0.5743
-9.65185 -3.48272 0.059174 0.340885
0.724058 25.0566 0.538561 1.5602
16.878 -0.98105 -0.354566 2.97962
0.239766 -3.75962 -1.41854 -11.3394
1.10969 1.41007 1.80709 -12.963
5.61522 0.347358 -0.32782 -2.35254
-1.32011 1.29256 2.55865 -0.842674
6.77769 0.408591 0.363477 2.78801
-1.10808 -14.2598 0.07216 -0.655822
-0.130338 2.4341 -2.97385 5.2329
0.711531 1.33216 0.546725 -0.390048
0.640476 4.55841 -0.126493 2.03708
1.45948 -0.43352 0.942189 0.727104
0.199377 -0.332192 -0.0740971 -3.26435
41.4995 8.97159 5.57295 0.370937
-0.312068 0.654557 -2.11997 -0.754589
-26.5751 0.960798 -0.22409 0.260523
0.0824725 -1.4296 2.12906 -1.09613
1.88073 0.105993 0.367312 -0.0269618
-0.0456478 -1.61113 -0.777829 -2.24748
0.404748 1.24979 137.81 0.416984
22.0187 9.31106 0.670626 -0.794367
2.40688 0.192191 -10.2645 1.53307
-5.99609 -3.73371 -0.284585 2.81675
0.172189 2.25405 0.138024 97.0762
1.74407 -1.01609 -0.0355526 5.30828
0.516174 -1.50021 1.16608 -0.633883
-7.24631 -3.11229 0.936219 0.00461247
1.67335 0.480618 0.569091 -1.86539
5.81345 -5.51752 1.11686 9.55873
-0.722519 -6.64877 -0.0296207 0.209144
-0.0152949 -0.130136 -249.042 0.839565
1.52893 0.428792 0.319107 -0.212622
-0.711972 0.93406 -4.3642 -0.916477
14.1297 0.410128 2.15916 -0.871909
13.9038 2.31395 2.84029 -0.635801
-156.878 29.349 -0.03525 -0.553806
-0.0155544 -2.84026 -0.549078 -3.88489
-1.01233 1.03792 318.256 -0.410405
4.03128 0.0136631 0.323505 1.29707
13.9 0.693916 -0.904109 0.00233668
5.59643 -0.831448 0.857086 57.689
1.37225 -0.49941 -0.425169 0.963461
-1.53117 -2.5316 0.425668 0.110278
-0.0344445 -0.865899 0.554676 -28.5116
-0.235334 0.23832 -0.297644 0.299038
0.274768 -3.11306 0.855912 -0.232696
1.33555 0.0248532 0.510074 -0.456811
-0.530237 0.204003 6.13151 0.166241
0.43316 -37.2051 2.35948 3.8891
-2.53982 0.772623 -1.9854 0.29563
-6.30244 5.94591 1.38351 0.149503
3.67266 -1.01418 -1.04972 -1.73983
0.737135 -0.140234 1.50861 -0.63645
-1.08047 0.743502 0.0301802 -3.41293
0.963635 -7.65434 -0.537625 2.25182
-6.47594 -0.770058 1.00179 -40.4444
0.121134 -0.21516 -0.00485806 0.559632
-0.725808 1.41659 0.166191 -1.55497
-41.3953 2.11189 -2.0698 14.8354
0.0612475 -3.14764 -0.725441 -0.52472
-0.908994 -1.16178 -1.23102 -5.47826
-12.1929 1.05858 -4.3304 -3.33901
-0.00629383 -1.61024 -1.12359 -0.440492
0.658993 3.67697 -4.07747 -1.06318
1.80547 -0.603443 0.386169 -35.5632
-0.223101 -0.151205 -0.509079 -6.30265
3.01372 0.139623 -3.14871 -0.0370051
5.79122 -0.415201 0.473812 0.0727728
0.331461 7.18085 -0.90793 0.492648
0.349691 -0.76702 -4.55385 0.538336
-0.334773 -0.0686288 -0.77071 -4.45756
1.10661 -0.95443 0.537499 -17.1777
-2.47546 -0.124616 182.383 -7.55986
-0.614578 -8.05032 1.89468 -0.0725182
68.158 -0.398112 0.353017 0.624448
0.231521 0.467786 0.00924822 0.632703
0.875557 -3.34583 0.399736 0.778846
3.99147 0.936294 -3.03434 3.85623
0.364975 -0.219213 0.994268 0.247203
-0.0234469 11.3424 2.90951 1.23813
-1.02372 0.328695 1.87873 0.800947
-1.11747 1.93273 1.52339 -0.227372
1.23672 -3.55135 -1.05429 2.15277
1.68296 6.05628 -1.19043 -1.86215
2.741 -2.56273 -2.85984 -0.284114
24.6858 -3.65668 13.8218 -2.66609
0.226157 1.931 2.90228 -31.096
14.5398 -1.79212 1.60151 -2.76427
1.57652 25.6662 -3.98958 1.3854
-1.31728 -4.35759 0.869044 -1.14107
0.357488 -0.512733 1.21281 -4.57672
-0.901841 1.02575 0.113486 -1.3605
-1.70545 0.0500923 0.119229 -0.745018
0.847164 1.00983 1.49849 -0.358759
-0.696401 0.619593 1.58571 0.133317
0.202166 1.57253 0.0322879 17.7513
-0.45098 -1.66418 3.36669 -1.54719
-0.224018 -0.962574 2.81572 0.551758
-1.51711 -2.50833 0.943894 0.290378
-0.334909 -0.198661 8.74338 -1.73774
0.000151685 -2.3381 3.10854 -13.9754
1.53426 -1.90791 1.12191 -0.329179
-0.310569 0.999286 0.909598 -6.38064
-0.516175 0.811772 0.161924 -0.70498
-0.513978 -8.63033 -0.816497 1.0468
0.153878 -27.7282 1.87195 0.77985
0.266395 -0.265956 -0.0631698 -4.16122
0.0678326 0.769085 -0.0318895 6.20921
-8.16035 -0.127418 -1.59016 -0.828602
-0.580695 0.706472 0.430384 1.44762
-3.23582 4.85471 5.90871 1.60486
-0.0986013 -0.298007 -1.53644 12.4404
0.936744 1.22238 -4.15794 2.28846
-0.813863 -1.29522 53.6894 2.09857
1.56964 2.89642 -0.106925 -0.389064
2.21175 4.76584 -2.51853 -2.31175
1.44987 -0.0515818 -2.77537 -2.1202
-33.293 3.00204 2.30362 0.584466
0.455196 -0.810263 0.291902 -1.069
59.1299 1.79518 -5.55794 1.41251
0.0180281 -0.0137574 -0.727061 -0.398331
-1.28683 455.994 -0.0480896 -0.293466
-0.167347 -1.04691 -6.01879 1.59291
-0.22208 0.116052 0.114919 -1.93345
0.486774 -0.588102 -2.78675 2.16463
0.809555 0.654339 -0.393563 0.347309
0.227373 -1.88415 -0.260461 -1.65325
0.345006 0.413614 1.88118 -2.26634
0.207397 -0.540453 2.09913 0.282222
0.816308 -3.04217 0.0170176 -0.506689
0.445508 4.42592 -1.14639 -3.47592
10.3774 -283.921 -0.698048 -1.07743
77.3927 -0.0435034 -0.205487 -0.283712
0.565327 1.66779 2.87141 0.0379467
0.931604 0.787915 1.91391 -2.79848
-0.24085 2.00496 5.82838 -0.31846
-3.56137 0.366349 -1.05509 -0.472768
0.369198 -0.454326 -0.381655 -0.273746
-2.02138 0.192412 0.253064 0.74217
-0.3025 0.416323 -1.07424 125.55
3.39993 -1.13146 0.705999 0.675841
-0.313451 1.97991 1.08588 -0.973387
4.50469 -0.268504 2.59002 -0.566321
0.141528 -0.724788 2.26337 -0.319691
1.06267 -5.64412 0.747955 0.493261
2.09395 -0.138986 -1.12212 1.37412
-0.395721 3.15229 0.595763 -0.75373
5.29544 1.29269 3.07265 -0.269651
0.568305 0.882355 -0.972681 8.52756
0.321895 1.57985 2.11352 0.175174
-22.582 0.81883 -0.636022 -0.880521
2.6149 -3.72751 -1.888 0.0835904
0.522171 -0.765909 2.3759 -3.60584
-0.808475 15.4284 7.5282 -87.9087
-3.38826 -0.886199 0.15473 2.88341
1.99443 0.331927 0.495458 0.524493
6.46369 1.03636 1.18921 0.563791
3.05713 0.441503 -0.403625 1.22234
-30.7188 -6.05093 0.1389 0.752702
-9.8383 -0.378769 -0.202937 0.263871
0.509021 0.161839 3.4275 -2.30059
5.54858 7.27757 6.92212 5.22446
2.2508 1.52685 -0.727699 -0.807219
1.38298 1.46561 1.78709 3.70576
-1.3843 -5.35389 -0.373649 -2.15678
-6.80607 -18.9203 19.3457 -1.64427
-2.38914 0.382172 0.748696 -0.11549
0.884642 2.78543 -3.01056 -1.85423
-6.18419 -0.71488 -3.29167 3.91518
-3.9988 0.281464 -1.97717 0.0777539
0.0242318 -1.41925 7.43748 4.16143
-3.51561 0.77536 0.580818 4.09068
1.03458 -0.207285 -0.594265 0.905687
0.307428 -35.3774 -2.01364 -2.54467
-4.99997 -0.194933 -4.07177 -5.22195
0.064045 -3.34943 -0.370335 -0.0972923
4.84673 -0.174097 0.203118 1.0559
-0.596143 6.68786 -0.418697 4.99505
-0.042976 -0.490178 1.6907 -1.52995
21.5413 -0.0702327 1.12266 1.66395
5.59081 -0.37697 4.61806 3.10621
-0.816639 -0.434214 0.376828 -3.34218
-6.39061 0.544748 3.48247 -1.24592
8.28268 -0.222084 0.900549 3.91677
-2.73637 -0.644267 0.20553 -4.087
365.564 0.0157777 -0.180029 0.344662
-0.245906 -0.660387 -0.464943 2.01385
1.27824 -0.946594 2.04097 -0.827891
0.889739 14.9823 2.59472 1.65755
-1.32594 0.00661584 1.63014 -0.357894
60.5693 -2.15404 -1.20716 2.61372
0.286518 -24.3918 -0.114605 -1.38187
-3.23117 0.337611 0.428683 -1.53163
0.938994 -5.43861 -1.5322 -8.20473
-2.38025 0.634489 1.01889 -0.37454
1.1749 9.40948 0.677903 -0.309344
0.80937 0.669621 1.917 -0.0401069
0.0493185 -1.74222 -2.22156 2.1235
3.33073 0.964341 0.868728 5.45651
-0.00397437 -0.793469 0.620444 -0.0552424
-0.213313 5.77798 0.299917 2.17372
-5.92445 1.05421 -2.24962 2.21453
-1.92807 0.554082 2.71823 0.0495809
0.549626 0.922098 0.134762 -0.476363
-0.165633 -1.12909 -1.24257 0.949829
-0.68951 3.29933 0.0391826 0.191994
-0.728903 -3.30918 -1.7524 0.592915
-2.37616 -1.5553 -0.272219 0.996436
3.24688 2.02143 1.23291 -0.487327
-0.131282 2.40385 0.375776 0.460886
-4.75631 -0.48796 -1.26011 -0.911661
0.116372 28.9669 1.82887 0.0651753
0.773101 -1.4752 0.843545 1.14735
1.77235 0.475877 0.359389 2.34156
0.626241 2.26289 -3.38536 0.757914
-0.486466 0.110383 -4.35614 -0.396407
0.578953 7.18827 2.32291 -1.70646
-4.76118 2.55541 -7.24258 2.29214
0.415223 0.322195 -0.287711 124.526
0.35947 -46.0683 -0.708458 -3.48422
-0.593317 1.68206 0.955631 0.984568
-15.2102 0.259472 13.9828 -0.40419
-0.300329 0.328006 -0.0612555 1.46758
0.477555 0.268361 2.13189 -4.27492
-1.23443 -0.104691 -1.23323 0.879052
0.415901 -0.152032 -1.43064 0.620041
6.4244 17.2462 -1.39818 -3.69334
-0.981005 -0.234169 0.691465 0.585849
-0.694747 -3.88371 1.74784 2.45023
0.0657324 42.724 -0.400208 0.47063
-1.02183 -0.356262 -2.64275 0.747476
-0.693276 -2.26815 -1.30183 0.417985
-1.22306 -0.221518 -0.782178 1.06213
2.78322 0.818986 -0.742361 4.80545
-0.270274 -98.0687 0.3976 -2.52459
-2.01758 -0.0522397 0.116466 0.898576
0.360192 4.91256 2.38025 -2.00637
-0.351597 -0.0107097 0.631891 1.17822
0.630818 1.53308 0.702157 -0.185718
0.200435 5.18522 0.305604 -2.64796
0.650571 31.285 1.82504 0.945222
-0.55852 0.793399 -179291 0.0247176
-0.125968 11.9187 4.56325 -18.4233
-0.507744 -0.0196822 0.162874 -0.550464
2.22389 -3.34697 0.620306 1.85243
0.0254657 4.51972 10.0013 0.255094
1.16123 0.094602 -18.5374 2.59068
-1.72441 -0.232853 5.54108 1.42072
1.17017 4.32525 -1.60937 0.543459
4.92165 -0.735405 2.22098 0.625177
1.55508 -1.664 2.25341 -1.98957
-0.998205 -0.624873 -0.313879 -1.14285
-0.616946 -0.858843 -0.6752 22.7903
0.125785 0.00735715 0.0174345 -5.33178
1.17054 -3.19788 3.85178 1.74743
3.26994 1.76436 3.34709 -1.25389
0.243889 0.923664 -2.6954 0.113322
0.818262 -1.53201 -2.34066 3.82928
1.04316 0.579579 0.0072032 -3.5398
-0.710527 1.98394 -11.5838 1.3308
66.7128 -2.44665 2.60711 -5.19143
-0.520949 1.35207 1.21087 1.18993
2.22866 -0.444167 -0.861029 1.12791
-0.692643 -0.26638 -0.1116 24.8406
0.266921 -2.59451 1.29076 0.341153
-0.153517 -1.43643 1.03225 0.0589481
1.60295 0.203109 1.46489 0.24216
-0.123641 -9.51924 0.0178297 -0.286981
0.443698 0.130533 -0.687591 0.333668
-2.94357 -0.323778 9.7168 2.21104
0.382729 -0.242915 -0.385509 0.622829
-1.76256 30.4366 0.791108 0.119959
-0.451389 6.06015 0.538842 0.913425
0.465489 -0.757359 1.544 2.73539
-0.597905 -4.05353 13.2946 0.917506
-24.6807 -0.289802 -0.136642 -1.46647
-0.412306 0.261971 -0.309924 1.7828
-0.255523 0.659525 1.68486 -0.902433
0.0508462 0.439392 0.710295 -1.44078
0.0531439 -0.769238 0.1759 -0.87107
2.45429 -1.03866 -3.3957 4.09806
-0.0540068 0.896046 8.96242 16.4818
-0.522966 0.385496 1.39118 0.907414
-0.253991 -1.81416 -1.06602 -21.7862
-0.880491 2.02472 13.2892 -2.57891
-4.47827 -0.49508 5.63054 1.07204
0.618785 14.8483 -2.51763 -2.99142
1.3996 -0.0759868 -1.28284 1.08641
-1.13431 -2.05391 -1.33646 1.30993
-0.843419 4.21109 0.109139 0.315936
-0.637722 -0.378505 -1.2221 -0.0811974
-0.15323 0.0364737 -0.599994 -0.32562
0.515352 -0.668019 7.53914 0.841277
0.989994 28.6037 0.230626 -1.4804
-0.735251 -0.631129 -1.70651 -1.02309
1.78082 33.1044 4.0735 -2.3317
-0.388186 0.816998 -1.38062 1.20881
6.03041 0.352268 0.612139 2.13175
0.218034 0.56193 5.94663 0.042699
0.39373 1.09781 -0.0259208 -0.458239
-0.337011 0.123794 3.16737 1.7373
0.0168708 -90.2283 2.08283 -0.591699
1.57107 4.22583 -2.00055 0.383039
-1.33774 0.643044 1.43178 -0.795404
-1.81746 1.29211 -0.471544 -0.158173
-1.50533 -1.29479 0.994227 -5.32574
6.69251 1.46447 0.53141 0.36102
0.21075 402.868 0.723429 1.30738
-0.172288 1.40102 -0.419041 0.572142
-1.56946 -1.27389 0.930937 2.1752
1.24175 1.10473 1.63788 2.55436
-0.0813488 -2.2235 1.46165 0.226991
-0.703796 0.980317 -1.51632 -1.4853
0.978915 0.678545 -8.82746 0.0448209
0.798151 0.553829 -13.2783 -0.567539
0.246904 -0.513616 -3.17154 -1.56822
0.523031 0.35069 -2.97073 0.380655
-0.828504 -0.643969 0.311052 -0.235397
-0.257562 -0.877694 0.943292 -0.371857
-0.13679 -3.5506 0.938542 0.594103
1.46474 -7.63007 7.55163 0.268233
-5.36348 -1.42388 1.39565 -10.4491
-1.97216 -0.998889 -0.420769 0.213964
4.46122 1.65671 0.778792 -0.798726
-12.2555 4.15399 0.192335 -27.2835
-0.847461 1.09634 1.79282 0.115019
0.585652 -336.036 0.043992 0.311595
-0.269417 1.65742 0.522148 0.759092
0.82298 -0.199768 -1.34681 1.91855
-0.529857 -0.444809 -0.436992 0.792488
-1.86447 1.98934 5.20352 1.13517
-1.25438 2.90323 1.43967 1.0581
0.747975 -0.878308 -0.0735079 -1.80043
-0.679467 -1.14144 2.26012 0.465169
17.8791 0.129168 -1.13553 -0.210228
1.68461 -0.416726 57.9874 0.0668087
1.14316 -0.623286 1.0582 0.00304098
2.05354 2.24553 -1.42981 -3.12508
5.14107 0.299235 -0.00197683 0.685877
-2.16316 1.23822 -0.13752 -2.59853
0.579983 -1.66639 -23.2729 0.655221
0.639221 -1.38692 0.808076 0.269826
0.22703 0.841976 -0.318026 -22.9854
2.27906 0.645532 0.571853 0.868578
1.13759 -2.47065 -0.537359 3.95408
1.02654 0.186805 0.115804 1.52612
-1.73415 -0.460037 0.076152 -1.7393
0.493065 1.3015 0.818646 6.10577
-5.89917 1.40656 1.55547 0.14496
-0.350123 2.44391 -1.67748 -0.442718
93.8347 -1.81797 6.99433 -6.58555
-0.637534 -2.70398 -0.439698 0.98964
-0.199507 -0.108176 2.85642 4.96104
-0.00510579 -6.29808 1.89197 1.08229
1.13209 -0.627144 0.104847 0.241751
-0.201728 1.26844 2.45202 -4.25969
-1.00952 0.507903 1.4583 0.43501
-0.710027 -0.762685 -1.47456 1.26816
72.7814 0.57954 4.53444 25.0031
-2.45814 -0.341291 -2.14637 2.70492
0.341148 0.330099 -0.21331 1.84717
-0.537958 -0.63191 -0.0539998 -1.16674
-1.58448 -1.44696 -44.8358 -17.3063
-2.0631 -0.253416 1.55527 1.5867
-0.228811 -0.703735 0.276004 0.014101
-1.61729 -1.28076 0.788839 2.75288
-1.01672 0.857694 0.163383 -0.876025
-2.39085 2.02852 -0.656849 0.507202
-2.99553 -0.284968 2.1778 -3.96522
1.22809 2.81818 -1.767 -0.0885052
-0.648501 0.45098 0.184046 1.2806
0.257264 0.719337 3.60269 -0.353568
-2.51215 0.706048 -0.79728 0.780349
-3.22831 -11.8024 -0.155233 0.622358
-0.243647 8.07892 -16.4815 0.805365
18.7855 -0.120359 0.105423 0.130882
-0.188075 -0.821016 -1.53403 3.99625
-0.303974 -0.209352 -1.21765 4.13953
3.92628 -0.0121699 9.26233 4.49904
0.030003 4.53175 -0.348366 1.84663
0.0628276 0.189757 0.475818 0.844683
-0.606414 2.16551 0.276444 0.732188
-0.688948 -59.9341 -1.38572 1.83655
-0.231545 -1.3444 -0.624093 -19.5953
-0.0548467 0.524004 0.110764 7.98787
0.767273 -0.571338 -0.693949 0.391754
2.76496 -0.828097 -0.659262 0.167385
-0.308083 -0.839651 -4.72178 -1.78913
1.27151 -1.02856 1.36034 -2.75421
0.960259 -1.36908 6.57799 5.87541
-18.1976 0.427546 0.292321 -0.411487
-0.486836 0.928931 0.655275 0.980067
0.722884 -0.50185 -2.22281 -0.0981539
4.06855 0.432253 -0.741488 -2185.31
-1.02228 -0.601323 -0.655779 -8.80548
0.326353 2.5226 2.37966 -2.02911
-0.454158 -0.123725 0.169153 -0.731584
-0.181996 -1.4591 -10.9283 -0.702985
-0.171768 0.626026 -0.911208 -0.235917
-0.631362 -2.49521 -0.0820185 78.501
-0.696988 0.504244 -0.567821 1.83536
3.0905 18.6217 -0.188282 0.184554
-7.84845 -2.76736 -1.84736 0.0448762
-2.62183 4.48352 0.619467 0.159619
-0.192145 -0.026479 -1.16885 0.156917
-4.37559 -0.790829 0.958471 0.494815
3.30659 3.06372 -1.06855 41.4803
-2.2523 0.15735 2.80183 -0.459445
0.3234 0.795989 -0.0740339 2.51121
-0.206304 -1.48037 -0.240749 1.20258
-6.73214 0.290896 -1.22375 0.387613
-1.01011 0.129037 -28.9752 -0.663062
-1.83844 -0.63606 1.71221 -2.05044
1.18349 -0.889498 1.85772 -0.516035
0.567274 -0.307842 -0.298882 -0.0414159
-0.745008 -0.681955 -2.09701 4.18155
-1.99074 0.0638795 0.092262 2.76183
-0.737189 0.590053 -0.140383 0.608593
-0.0698907 0.183126 0.810034 -0.55331
1.184 -0.501441 -0.0394931 0.531035
2.34464 0.977429 -4.97839 -0.567913
-0.110709 5.92457 7.78992 0.49205
0.131837 -0.827616 0.13866 1.51165
13.4655 -14.4823 -1.53026 0.776662
-2.06901 1.06189 1.91517 1.19217
-0.100456 0.769137 -1.20183 0.110817
-4.66861 -0.187594 -9.71183 -27.2778
-0.645027 -1.21108 1.61019 0.670495
1.36458 0.358213 2.85614 0.981337
-0.677336 -1.17986 4.65927 2.5303
-2.83825 2.03632 1.17835 1.75564
-2.69547 11.6479 0.780439 -9.15312
-1.75894 1.44592 0.368968 -1.12815
1.33285 -2.73783 -1.00564 -0.83896
2.6042 1.42025 0.793792 1.30134
47.6221 -1.35033 5.90641 -0.351074
1.78816 -0.4365 26.4224 1.31165
-2.6095 8.59548 0.911227 1.46173
-3.64277 0.176511 -0.369237 0.21468
-2.43287 0.822783 3.98232 0.044138
2.90377 0.242229 0.333453 -0.213332
-0.204669 0.420785 0.517474 2.7176
83.8536 -0.0306591 3.66265 0.144579
-2.12234 -2.58872 0.866042 0.556355
4.34938 14.0761 -2.14025 1.06828
-1.01641 -0.333014 1.56775 3.27987
0.185683 3.65102 0.187534 -0.923498
-0.184783 0.302705 0.568939 -0.186167
2.98054 -3.23763 -0.0340574 0.0200132
-24.1608 0.250893 0.0558688 1.69064
0.906756 8.69046 1.05589 -2.22306
-0.790203 0.703826 -1.86241 -0.470315
-0.441389 0.938799 0.489238 2.74146
-0.322123 0.0426756 -0.375536 -2.15141
-0.643482 0.141389 -4.91497 0.254741
1.76971 -0.503107 3.9236 -2.20447
-0.0874853 0.831857 -0.472851 0.077481
-0.162039 -0.603552 -6.75725 0.611134
0.613306 -0.333131 -1.16213 14.3063
-4.29296 2.67503 0.70749 -4.76258
1.26057 0.180659 -0.349297 1.02536
-0.0918315 -0.140285 -0.272545 -15.285
-1.01461 63.0236 -2.89718 0.160766
-2.09638 -0.523273 5.09201 -0.777468
1.45117 5.73207 1.9652 -24.1799
2.51452 0.569372 -0.462877 -0.156426
0.915959 -3.9648 -44.6814 0.636176
-2.00563 -8.32065 -0.55151 2.07416
-3.27082 0.799689 7.87334 0.397081
-1.56235 8.09978 -0.299183 -1.47365
-8.12974 -0.717393 0.114225 -0.441067
0.312134 0.191922 -1.86791 -0.119524
-1.68393 -2.5954 -0.135889 0.785328
8.29197 22.7301 -33.305 -4.76848
1.18047 1.57482 0.266054 -2.81989
-0.263397 -3.21373 -0.908343 1.99236
0.503842 0.0802861 0.423542 -7.89127
-12.3008 -0.295803 0.0511323 -0.56433
0.790032 0.661389 0.223734 -6.83104
0.127128 -0.496751 32.2123 -0.327537
0.787927 2.00045 -1.3034 -1.57967
-1.39179 0.723475 1.54793 -0.835274
8.0249 -0.536168 4.9348 -0.906366
-0.972626 -3.75879 2.95263 -0.583776
-2.39477 0.994363 -0.138783 0.221784
-0.491944 -2.2638 -25.5399 2.81836
-0.209412 0.719872 -1.88877 -2.55162
0.659846 -1.25978 -0.847958 -0.370778
0.387277 5.26902 -0.165267 -0.565492
0.659099 0.271283 -0.348145 -3.20536
1.42599 -0.44158 0.77852 -1.32717
-0.160208 -0.054045 1.71868 -1.90165
-2.12981 -1.51965 -0.71146 0.101908
-1.60195 5.28043 -12.2532 -2.51369
4.02765 -3.93995 4.44361 -0.685107
0.265274 1.43356 10.3864 0.189445
1.12772 -9.77007 -0.175207 -1.02747
2.75785 1.92388 0.466583 -2.87056
-0.729851 1.15436 0.236045 1.67865
2.30608 -1.83383 0.929218 -38.8591
0.00935607 -0.725882 0.567072 -0.247383
-0.19986 -3.79855 -0.475824 -2.55745
-0.354299 20.4035 -231.89 -0.111302
-1.00781 0.84095 -132.853 -0.399422
2.77213 -7.89983 1.82488 -2.03749
0.713168 -62.942 -0.411036 7.84065
1.18744 0.544245 0.0267681 0.519151
1.25736 -3.87188 -6.96717 1.27426
-1.20459 -1.60844 -1.11718 -2.08159
-2.99404 -1.43517 -0.542325 0.7985
-0.327874 -0.239935 2.92761 -2.92303
-1.23867 -1.71002 0.394979 -3.75747
-1.41571 -0.295385 1.98145 0.153969
-4.1474 0.102563 -1.30193 0.897824
-0.606323 0.402252 -0.391884 -0.0748831
2.51033 -2.42765 1.22339 2.25753
1.22149 0.698105 -1.38247 3.30658
-0.00157015 -24.9003 0.223002 -1.30598
-1.08707 -5.92865 0.0580141 1.6352
-0.108798 1.13886 -0.242003 0.0445545
58.9794 0.669321 -1.61911 -0.329789
-1.61901 -0.780803 4.50379 -7.96376
-0.263112 -0.876143 2.19392 1.2619
2.06184 1.11896 -2.44665 0.691368
-2.378 -0.0197646 -1.91232 2.52928
1.1017 1.49485 3.74686 -0.110449
0.203728 0.633929 -2.82111 -2.89747
2.53766 -1.97048 -1.1479 -0.548673
-0.42227 22.0669 1.32894 7.03055
0.72043 -35.4792 0.374791 0.105754
-1.61105 0.377696 -1.34624 0.92988
-0.0389718 -0.599666 10.1072 -0.374747
1.19789 2.07752 1.97659 0.755795
-1.00184 -6.51056 9.09076 -10.4103
2.29297 -0.173019 -0.366451 1.49483
6.12701 6.60108 -2.97889 -0.153605
-2.20143 -4.07036 0.347676 2.43514
0.702604 0.144733 -1.21281 1.44202
-1.03454 -130.084 -0.509443 1.76243
0.693439 6.38996 -0.981013 3.68549
-5.7447 4.1866 2.19364 1.99979
-8.41847 2.44596 0.0159293 8.21317
-9.88202 0.502619 -3.90123 0.158932
-0.106383 9.06258 1.5526 -19.0492
-0.00381906 -1.94727 -0.987254 -0.771182
1.89474 -0.899011 0.513593 0.454625
0.123136 -0.218762 -2.66496 -3.39799
-6.12475 5.38823 1.14505 0.770087
-16.4023 -0.863836 -1.63224 -2.27987
0.242031 -0.870091 0.0179104 -0.751911
1.154 3.25756 -0.139308 -4.77904
17.9204 0.145638 1.97252 -2.58969
0.612699 0.883779 -0.791206 12.0175
-0.0100332 0.132503 -0.365178 -1.49597
-0.426276 -8.61552 0.578913 0.817534
1.4217 0.173072 -0.744314 -4.80371
2.59322 -1.82358 -2.84056 0.467621
0.369543 -0.767449 1.36995 0.494713
-3.72723 -0.352774 -0.301606 1.87077
0.372433 -0.428755 0.159257 0.598823
-0.119841 15.1684 -2.33607 -0.582906
-0.135822 -0.0230372 -0.492491 0.645374
-0.446403 2.79538 2.56247 1.53642
-6.64303 -0.653608 -8.1244 0.0716983
4.35417 -0.261749 1.37003 -3.5138
-0.524509 -10.7373 -2.66446 0.857757
2.50074 -0.282962 -0.541303 1.96278
0.834829 -1.32914 -2.75668 -1.01534
-1.33252 -0.996076 -3.62407 -0.641041
0.667409 0.278121 -0.714685 -3.26253
-0.319506 12.2031 -7.59211 1.01974
-0.460538 0.583378 -3.56489 0.701439
0.794135 -0.380581 4.07562 0.821563
1.14095 0.755359 43.9995 -1.44591
-8.70815 -0.713218 0.0870059 -0.34826
0.798609 -0.0624499 0.551378 -2.2316
-3.33199 -4.50493 0.14641 0.586345
0.361635 -0.979171 0.750962 -0.355444
-0.303697 -4.62228 -0.712638 -0.433957
0.565813 15.4443 0.406979 10.0674
-0.736828 -2.05847 -7.13333 -0.0136601
1.20575 -4.79378 -0.588032 5.03173
1.04886 1.72639 -0.612906 -0.338226
9.15854 -0.163747 -0.00445782 1.06222
0.494801 0.147755 1.97618 -7.06664
1.14658 -0.558608 -0.677157 -2.56055
-1.04097 -1.87718 1.00726 -0.257456
-0.175641 1.08035 -0.206453 2.90593
0.100449 -0.248474 28.759 0.13768
0.160552 0.592344 -1.80902 -0.457903
1.00562 3.0145 0.197553 -0.106747
-0.0333955 10.559 0.0507148 -1.94925
-0.12788 0.12014 1.47683 -4.037
-7.07855 -0.851069 0.0561254 8.44291
-1.97528 -0.148504 0.420924 -1.2474
-32.2606 0.117658 0.607916 0.152999
-3.86862 -1.16973 1.35895 -3.19683
-1.57312 1.59969 0.712529 8.00006
-2.68234 -1.44048 -2.47542 2.53467
0.418928 -2.25659 5.09646 0.947336
1.24032 1.88023 0.28904 -0.045607
-0.106849 -1.06984 -1.75623 -3.25322
-1.21636 2.84891 -2.70453 -12.4058
0.268751 -5.09557 -0.818853 -2.75768
1.07946 -0.868699 -2.32044 3.93104
-0.399777 -0.77397 1.24093 -0.272858
24.7964 8.89559 2.69415 -0.16225
0.00254836 2.60159 -1.16141 77.2149
-0.420107 0.741778 0.215418 0.0233148
-2.66198 -2.45602 1.77239 0.918418
-0.7207 -0.242703 -0.354656 1.22275
-0.207382 15.2171 -1.13189 -0.986773
-8.85118 2.58826 1.33552 0.110751
-0.501814 -8.31342 1.49727 -2.31125
-4.85769 2.85797 -0.553206 -0.955159
0.0243334 0.478959 -2.24917 -1.24172
-1.86384 0.112517 -1.16205 -2.19792
-1.26009 -0.228726 -0.419569 1.3424
-0.727727 -3.41204 12.2012 17.3385
-0.487321 -0.694878 3.75399 -1.52507
-17.4783 0.30623 3.1822 0.452755
0.812286 -0.757597 -6.14742 2.72697
1.91779 -10.9655 1.5462 0.25397
-0.0756182 -0.0547794 2.04601 -3.14473
1.10375 0.263246 2.30516 12.6549
1.96624 0.697707 1.16836 258.964
-0.403379 -1.18765 0.386953 1.42045
6.22229 -1.09135 -0.379779 -2.65599
-0.838617 -0.381561 0.392747 -1.60302
-0.0310556 1.73363 -0.150619 -0.248716
-1.60439 0.621411 2.4832 -0.259607
0.0360214 -0.0756221 -2.18896 -7.00255
0.788903 -0.708677 -0.0713976 0.453114
-0.577568 7.821 -1.04624 2.97073
1.7466 -0.0252029 -1.9654 0.662425
-0.964599 -0.192655 0.979216 0.325716
1.7114 1.60303 14.106 1.32499
1.17972 2.27385 -0.856959 -0.829966
-13.2978 -2.10246 -0.283986 -0.386798
1.39612 -2.8205 1.91973 -1.50003
-3.04028 1.18897 -1.06275 0.544129
-0.701363 -0.582459 -1.54977 -1.52757
0.0779383 -4.4917 -1.75725 1.43986
-1.07497 0.788357 5.04797 -0.378616
-0.946516 -1.82793 0.682354 -0.239414
2.09499 -1.06697 4.83195 0.333592
0.930553 1.35272 6.7491 1.43922
2.74465 0.793052 -0.202724 -0.288895
-2.0171 -3.27004 -0.827582 1.04269
-1.10347 -0.826175 1.14962 -0.847418
0.370015 -1.12972 0.271577 -1.81746
0.322824 2.76618 -0.497681 -2.78797
0.510346 1.76865 -7.06946 -1.18049
2.05253 -0.0509514 -0.0611216 -1.87386
-3.49364 1.9213 0.126976 4.59408
-4.93977 -0.520103 -4.64706 1.44497
-0.0240938 0.771353 0.414026 0.258265
2.26241 -0.785094 2.01448 0.0457076
-1.77747 0.125599 0.55113 -0.656765
-0.915577 2.66064 -0.599747 3.10197
-1.14943 3.87736 -0.82988 5.55327
-5.88723 -0.676165 -1.64002 0.969244
-1.08744 -0.0235532 -2.85583 -0.294866
0.527795 -0.320556 -0.0903166 0.817761
-0.581707 0.934051 0.723326 -4.20543
0.402806 -6.67532 1.18177 0.00875336
0.393061 -1.26308 1.10634 -0.141723
0.702717 1.09306 1.13567 -1.22116
2.86599 0.166271 -0.482099 1.20702
-0.462495 1.21717 0.810669 -0.306869
0.118852 0.595843 -0.661884 0.502369
23.7754 2.30127 0.009486 -1.22666
0.627239 1.34275 2.898 -0.0787807
0.815222 -0.517854 -1.40463 -4.66954
0.207523 -4.72849 -0.769296 -0.515194
5.42473 9.96285 0.455553 -0.585496
0.759385 0.762571 -63.0571 0.266657
-1.73705 1.99272 -0.0106449 2.42372
0.102426 0.675792 -3.36344 10.9158
1.21276 -0.656098 -0.68007 0.813111
1.09361 -0.788329 -0.96035 2.72258
-2.3786 -0.0810787 -0.124403 1.66067
-0.597974 -0.419933 8.9166 0.926038
-11.6203 10.4059 -1.3985 -0.169458
-0.491938 -3.54259 13.5311 -0.814241
-5.21551 -0.0411911 1.4294 -5.0282
1.67148 0.922065 -7.1349 4.15297
0.551475 1.72142 -0.686487 0.836203
0.101617 -0.17834 -2.41002 1.10756
-2.69852 0.171837 1.3449 -0.638913
7.46639 -0.471076 -0.249296 -2.46427
2.84762 163.274 1.2193 0.14874
-18.5991 4.41003 -0.16851 0.763172
0.459779 -2.12816 -0.715249 -0.498852
0.694711 0.760538 -2.17785 1.8097
-0.801772 -2.76343 2.55358 -6.16911
-0.2518 -1.60851 1.3476 0.31745
-0.789086 0.22245 -1.65164 0.326495
2.88773 -4.17659 0.540049 0.240364
0.705541 1.63524 1.02836 -12.8632
0.950277 -0.439535 -3.5362 -0.718615
0.371929 0.437028 2.5528 0.953663
-2.2727 0.0879508 0.530882 5.39316
-0.323925 1.66349 0.426178 -0.461367
-0.93039 0.935841 0.723089 11.1589
0.612917 -3.37494 -0.380538 -1.95211
-0.953719 -2.48422 0.499055 1.683
1.01016 -0.864705 -0.749865 -11.8138
-0.314337 0.300352 -0.682409 -0.237727
-2.56466 -2.00579 -9.4219 0.819494
10.0012 -0.707731 0.0434731 -0.0310457
1.77016 0.532118 0.762387 3.52173
10.6194 4.65518 -0.858233 0.483619
-0.657544 -10.2784 -2.09331 -0.528347
-3.88113 6.99232 -0.916639 5.59307
1.92097 -0.275057 -6.38719 -2.6153
0.47397 2.76026 -0.136911 -7.13778
9.12222 0.089292 0.998179 1.79928
-12.1969 2.07842 -1.49677 0.511569
-2.50404 0.0476765 2.76141 -2.0994
8.99263 -0.0630357 -0.773018 5.35838
-0.457761 -1.26163 -2.24776 -4.41148
-7.88988 1.31194 -0.416813 25.5163
-8.36457 1.53326 4.23544 -0.830951
1.24653 -3.41298 0.175974 5.86828
-2.09946 -1.82945 -1.98986 1.48789
2.56834 -0.694902 1.83867 -1.22628
27.4818 6.58975 -0.755162 0.452279
0.807531 1.81201 4.54625 -1.04637
0.220232 -0.744414 10.5519 -15.6394
-0.7623 6.31363 -0.864186 0.028095
-0.507653 0.495609 -1.2637 -7.17944
0.694649 -0.575591 -0.0212668 -1009.5
0.400389 -0.954633 0.183883 -4.52425
2.07115 0.188277 1.92844 -2.15488
0.279859 0.0224019 -0.958365 0.364267
0.775742 3.64934 1.91641 0.247948
-0.667947 -3.13818 2.8037 -0.608652
1.83859 -0.386154 -0.288458 0.136231
-4.74315 -0.265539 0.0355714 -1.08919
0.651391 2.71605 0.593438 -6.11697
3.04111 -0.422696 1.66727 -1.82844
3.91042 3.00713 0.170695 0.380639
0.560369 2.59529 23.5282 -1.20882
-1.1734 0.0298379 -0.310223 -7.5801
-1.61171 2.29695 -2.50409 0.62771
0.168108 1.41644 -1.04491 -0.0592372
-0.167012 1.01255 -1.71866 3.46681
-0.833962 -2.82629 1.08688 -1.75099
-0.394934 -0.362194 -1.37849 0.0381629
71.02 -1.3647 -0.0418316 -0.0282343
-0.301245 0.15442 -2.70545 21.4639
1.35226 -3.74716 -1.30649 -1.35924
-1.25708 1.5194 -0.537875 -2.16963
-0.336325 0.241146 0.487688 0.476438
3.09066 -0.78276 0.803101 -2.04638
-0.477137 -1.29771 -0.852491 0.365381
5.35032 -27.9233 -0.306865 -6.61853
1.29048 -1.17271 -15.398 1.57368
82.5029 -4.9374 2.4482 -2.22801
-18.698 3.56989 4.99799 1.70646
0.837577 -2.28348 0.208718 1.18442
1.17644 0.557797 1.0572 -0.195364
0.430199 6.97661 48.3628 0.571864
-0.0341393 -10.3034 1.92363 0.422861
0.238956 -3.74014 -2.09579 -0.0799586
0.809233 0.993086 0.765909 2.61283
-2.12223 -2.00175 1.90882 0.315045
-0.430264 -1.2826 1.00593 -1.86026
-0.254682 -0.612275 0.495179 -0.951622
3.72009 -1.75705 0.390279 1.38705
1.79239 -1.41032 -0.945418 0.751289
0.671877 0.628584 0.591145 6.39132
-3.16785 -1.97706 0.460386 0.644813
0.841905 -0.121026 6.3266 -0.359078
-1.65368 -3.66516 1.37227 0.639355
-0.919531 1.76493 -0.116493 0.157133
-0.204116 -0.714605 -0.671742 10.6614
-1.42884 -0.564326 1.41067 0.139532
-0.0682458 -0.101357 -6.71862 -2.71757
0.651374 -0.884392 0.854822 -6.62931
-0.428605 -2.17355 -8.31115 -5.16254
4.09146 3.23634 0.139063 8.71636
-0.392063 8.95454 3.14225 -0.788521
-7.36968 -1.542 1.69514 0.234013
-0.137267 -1.68184 -0.426589 0.798086
-329.106 0.537608 1.96906 4.37942
-0.264864 -0.770194 9.4852 0.311436
1.94546 -3.48719 0.423419 1.5038
-0.254505 -31.4916 -0.73807 -1.31726
1.40708 1.79704 -0.6252 1.12961
-0.491198 4.8772 -4.26874 1.81775
2.55734 -0.959839 -10.1789 -0.412478
1.56743 16.7186 -1.22174 0.00426625
-0.774608 0.474357 -0.731731 3.02629
0.797947 0.849566 -5.69351 -0.942803
-0.271945 -25.2254 13.3954 -0.325787
-1.48873 -0.969402 127.397 -0.347382
-0.156081 -0.372317 -0.981854 0.223631
-1.47703 0.563289 1.96777 2.58605
0.716521 1.3465 0.0600108 -0.791498
-2.82955 -2.89748 4.08774 0.314333
-0.743504 -3.80506 1.08063 -0.170274
-0.182772 1.80303 0.401227 1.96252
-0.67549 -2.03804 -1.87244 -0.744267
-0.105814 -0.40117 5.88633 0.402835
1.37834 -18.6243 -0.412622 2.38094
-0.606709 1.40306 0.277064 1.46253
7.40761 0.716668 0.053846 -23.3723
-2.44259 0.681503 1.98664 0.247848
-4.15916 -0.509075 -1.70345 -3.77941
-1.44132 -0.133132 -91.4259 -8.97163
-19.7277 1.83311 0.154558 -0.0382732
1.25041 -1.5637 0.265385 -0.0473102
-1.77512 -0.439942 -0.256324 -1.27565
0.905848 0.175014 -0.579032 -0.0373213
-2.24265 -2.35693 -1.05037 -0.207917
1.19952 -0.480483 -0.4541 0.340242
-0.0238338 -0.0195749 2.3185 -0.72228
-26.0029 2.40819 -0.134635 1.37167
-1.30016 -0.0455069 -1.88159 -0.607148
0.750944 -0.619298 0.092902 2.38964
-0.09153 -1.6752 -0.190052 0.980468
15.8694 2.65372 0.152085 2.08564
3.16249 0.409009 0.95159 -2.83485
0.412147 0.198175 -0.416052 -2.35784
-3.91932 -0.117417 0.0176896 -7.96759
-3.27975 -1.09872 -5.08416 1.09876
0.435388 0.491637 -0.503816 3.11791
-4.11447 -0.0209868 0.512364 767.483
0.285819 1.09737 -1.34142 0.383107
0.054815 17.3871 -0.61759 0.155501
0.777235 1.1337 0.188995 1.80415
-0.794054 0.560855 0.210276 -1.37245
1.08455 5.73885 -0.840377 1.28704
-5.79503 -6.84576 0.851676 -0.563378
0.370694 9.21419 0.142979 0.224674
-0.411318 0.718666 45.0991 0.137795
1.59684 0.623504 0.896395 -3.53386
-1.02759 -6.80071 6.18508 -3.8435
-0.939654 -7.74246 38.4376 -0.44964
-2.72103 -2.64319 0.6363 -1.99085
3.00298 0.438749 -1.24503 -0.857534
-7.13514 2.3014 -0.120101 -0.330499
29.5047 6.7638 -1.48321 -1.17208
-1.18425 0.271076 -0.489041 -0.139975
-0.730718 -4.43649 1.9751 -1.91325
-7.084 1.31821 0.357126 -0.493739
0.58823 3.79018 -0.21753 1.96106
1.22734 0.822406 3.87519 -0.975113
-0.977569 -17.5118 0.568984 -1.08765
-0.51669 -8.16182 -0.144117 -8.45061
0.992168 0.860955 -1.87153 0.419666
0.277492 -0.596224 -0.375399 -0.293701
-0.735976 -0.108289 -1.379 1.88547
0.303636 3.68037 -1.60121 0.0711996
0.236864 9.01312 3.01115 0.29558
0.108341 1.71169 12.0346 1.43812
0.475457 0.596538 0.401228 0.157055
-0.273105 -23.1908 -1.65212 -0.533458
0.751291 -2.70479 -1.92152 -0.718025
-4.51942 -3.48901 -0.083275 2.38099
1.18827 -0.713465 21.0958 -0.655047
-0.673605 4.36876 0.725569 -1.22082
-0.812193 0.795266 1.90449 1.08423
11.8379 -0.417622 -0.0814048 3.23243
0.802321 0.841705 1.97852 -0.250389
0.104437 1.89536 1.83395 -0.316098
0.710666 -0.631916 -0.805935 0.0742771
8.04462 -1.26804 -0.00775255 -2.26323
-0.399054 -0.411742 9.82158 -0.0777568
0.836251 -1.69424 -2.67525 25.5892
-1.0693 0.329906 -10.0952 -0.053722
-1.23472 -4.27825 -3.13559 -0.327531
-1.91358 6.22256 -3.05392 -0.702371
0.126298 -2.58883 0.953974 0.169477
-0.361369 1.57795 -0.950273 -1.18901
-0.143148 0.0989846 0.0211548 2.12564
25.9019 -0.30632 -2.98704 -0.70984
10.5487 -2.09264 2.97142 2.87628
0.0121514 -0.439724 11.8942 8.01591
-0.622064 1.07059 0.831379 2.87653
2.65831 1.93505 1.55456 0.951209
-3.28805 -2.47629 0.282604 -0.976721
0.387266 -1.07539 1.56526 -0.424976
0.487448 3.10076 1.18876 2.67894
0.188599 -0.731207 0.358495 0.122968
0.13634 -3.35562 0.817908 4.19162
0.940267 2.94525 3.99852 5.80653
0.297999 -0.741643 0.801645 1.95759
-0.576643 -0.483337 0.79879 -4.60603
-3.41674 1.04872 2.65312 -0.392821
-0.428777 5.87433 -2.76004 0.919983
-0.0552409 -1.65663 44.2354 0.694098
-0.385144 3.74441 0.730746 2.54206
0.146824 -0.100611 1.15585 1.39678
-0.852918 -3.04946 0.355793 0.278374
-0.265798 -1.17942 -0.193492 -0.175638
0.832818 -2.29784 -1.25386 -0.187675
1.52089 -0.20124 -1.01087 -3.48769
-8.15528 -0.524573 -0.296749 -0.97958
9.36181 0.686009 -1.39741 121.017
-1.50856 -4.64542 0.785467 0.364481
-3.12582 -0.373233 -0.0810098 1.02131
-1.40366 3.56999 0.906063 -0.0964092
2.30705 0.231971 -3.03137 5.74347
-0.232353 -1.31581 3.58827 -0.350804
-0.484263 -2.15974 0.513214 -0.798864
-0.689717 -17.5867 3.94709 4.67532
-0.823038 -1.26976 -0.96453 4.10955
0.224914 -1.06182 -0.156334 47.1322
0.232569 0.441438 -0.883825 0.784561
-1.74284 2.37002 1.37669 5.94985
-1.70168 -5.64423 -0.387286 0.210836
-3.83801 -0.0752495 -2.00587 -1.44438
0.69905 -0.23112 3.83542 0.280826
-1.05665 8.23464 -0.626106 2.6388
0.207594 0.336311 -4.43502 1.74815
-2.17938 1.13209 3.88416 1.27125
0.00597788 -0.70747 4.33546 -2.46936
0.442268 0.477701 5.51949 -8.51848
0.226796 1.87856 16.3259 2.55351
0.430346 0.833378 -0.988088 32.6924
0.584479 0.0992283 -0.526741 5.31491
-0.0489397 0.0919836 0.444839 -0.399049
-0.631831 3.49903 -9.03066 1.79953
-0.448973 0.607627 0.16198 -1.62233
-116.128 -6.65696 1.96801 -2.00576
-0.0132674 -2.83742 1.66812 -17.7951
-7.30504 0.544206 -1.75267 -0.887424
8.80249 5.87794 2.93094 6.24189
1.50216 -0.331549 0.322835 1.59362
-0.793245 1.0844 -1.3667 0.135038
-0.792015 -0.503072 -26.0675 59.4367
1.42705 0.884742 0.967137 -6.42917
0.133109 -0.211483 1.41347 1.27129
2.35261 1.14725 0.237706 0.79306
-0.454381 1.11647 0.677075 1.5598
2.01503 -4.56445 2.49275 -0.167838
0.773404 65.0664 -3.18975 1.21079
-3.90159 0.542104 0.804545 0.480212
1.82612 0.243633 2.2204 0.0444108
-0.126421 -1.87278 122.842 1.88363
1.19722 4.36107 -2.57561 4.74419
0.379345 0.845697 -1.42956 0.129718
18.9573 -1.04389 -0.556392 -0.218894
3.02029 10.2838 -1.10451 -0.474682
-1.98122 -0.567338 4.0854 0.599422
0.846761 -3.52518 -1.43269 -2.40447
0.51491 1.80092 8.15157 1.49426
-0.390555 -0.0176321 -44.9411 4.23617
-5.59901 0.0024252 2.50606 0.0318665
-0.024629 1.17294 -0.458665 3.50923
-2.36409 -0.660278 0.223501 0.683781
-15.6996 -0.396684 -0.324534 0.138615
7.05614 -3.28631 0.176104 -0.116048
-1.40772 -2.52142 -0.946535 6.72385
-0.205402 -0.83206 -0.455267 0.357112
-0.231279 0.354439 -0.841514 -8.5438
3.62816 -0.742279 -0.287658 -2.61298
0.00603161 2.00406 -4.35114 -0.676843
-1.23608 1.28131 -2.15555 -5.70522
0.291387 0.492438 -4.38785 -0.161453
1.64922 1.32975 -0.905078 -8.02617
0.0410851 -1.91295 -3.74385 1.5643
-1.36493 -1.29895 -2.56491 0.0598988
2.88591 -11.1781 -2.09415 1.30657
0.685639 0.587756 0.574871 0.0593809
0.89004 -0.115057 -0.404889 2.71497
0.579154 -2.22927 -1.57019 -1.40396
